0.250000 0.004545 0.109091 0.304545 0.331818
0.053176 0.052309 0.053465 0.113611 0.727439
0.152560 0.054575 0.162636 0.317756 0.312473
0.004443 0.103535 0.153941 0.112924 0.625157
0.065277 0.062831 0.066741 0.391805 0.413346
0.003210 0.002986 0.153808 0.063925 0.776070
0.069498 0.011811 0.009913 0.148003 0.760775
0.158318 0.011443 0.011410 0.087288 0.731542
0.450000 0.116667 0.200000 0.050000 0.183333
0.100000 0.150000 0.205000 0.155000 0.390000
0.200000 0.200000 0.100000 0.350000 0.150000
0.450000 0.150000 0.050000 0.150000 0.200000
0.054079 0.004768 0.108925 0.382810 0.449419
0.001792 0.004076 0.112350 0.382780 0.499002
0.550000 0.100000 0.000000 0.000000 0.350000
0.055363 0.103301 0.166713 0.172866 0.501756
0.059036 0.061135 0.018888 0.099253 0.761689
0.450000 0.100000 0.100000 0.200000 0.150000
0.104712 0.053870 0.005935 0.069992 0.765491
0.153668 0.102112 0.055106 0.317898 0.371215
0.159778 0.154240 0.076763 0.240838 0.368381
0.161247 0.008642 0.066198 0.111895 0.652017
0.001181 0.001376 0.051889 0.108126 0.837427
0.000673 0.050897 0.101570 0.402915 0.443946
0.004378 0.003409 0.056133 0.109967 0.826114
0.600000 0.000000 0.100000 0.250000 0.050000
0.250336 0.150000 0.201007 0.151007 0.247651
0.201871 0.000638 0.107640 0.109173 0.580678
0.102273 0.055114 0.103409 0.359659 0.379545
0.306997 0.006191 0.058287 0.169817 0.458708
0.007411 0.156376 0.109694 0.131939 0.594579
0.007024 0.004783 0.124229 0.130590 0.733374
0.050000 0.202273 0.100000 0.200000 0.447727
0.100866 0.051299 0.202165 0.217965 0.427706
0.150424 0.100424 0.100847 0.205085 0.443220
0.161522 0.015541 0.068194 0.100962 0.653781
0.051202 0.052163 0.204327 0.305048 0.387260
0.200000 0.200000 0.150000 0.250000 0.200000
0.000368 0.050000 0.152206 0.204779 0.592647
0.150000 0.000000 0.200459 0.202982 0.446560
0.350000 0.150000 0.150000 0.050000 0.300000
0.107364 0.004921 0.106861 0.121981 0.658874
0.080141 0.154776 0.029052 0.315682 0.420349
0.253246 0.102694 0.154490 0.207030 0.282540
0.034929 0.017086 0.031332 0.177145 0.739508
0.107544 0.004677 0.006687 0.175359 0.705733
0.254204 0.008858 0.212227 0.189556 0.335154
0.102002 0.101667 0.154292 0.264292 0.377748
0.051732 0.002021 0.052771 0.307564 0.585912
0.400000 0.100000 0.100000 0.050000 0.350000
0.102524 0.002615 0.104080 0.212083 0.578699
0.100000 0.200000 0.350000 0.150000 0.200000
0.214618 0.408176 0.054756 0.078206 0.244244
0.205397 0.004810 0.265063 0.240831 0.283898
0.100000 0.100000 0.150000 0.200000 0.450000
0.356623 0.003805 0.108250 0.119472 0.411850
0.150939 0.050000 0.051184 0.236650 0.511227
0.052392 0.026258 0.042729 0.174527 0.704094
0.057141 0.004086 0.051229 0.207138 0.680405
0.100424 0.050424 0.100847 0.305085 0.443220
0.201533 0.050236 0.001769 0.156486 0.589976
0.100370 0.101481 0.153333 0.254444 0.390370
0.001700 0.000191 0.052082 0.359082 0.586945
0.456602 0.152995 0.108291 0.069252 0.212860
0.050792 0.150594 0.101308 0.204519 0.492786
0.100424 0.100424 0.150847 0.155085 0.493220
0.050336 0.050000 0.201007 0.251007 0.447651
0.050926 0.000279 0.155094 0.312705 0.480995
0.200000 0.000000 0.050000 0.250000 0.500000
0.100939 0.050000 0.200469 0.201174 0.447418
0.166840 0.056957 0.218362 0.040574 0.517267
0.121330 0.011689 0.063123 0.108706 0.695152
0.059396 0.163258 0.263612 0.315636 0.198097
0.108036 0.212617 0.065550 0.168518 0.445278
0.100000 0.050000 0.050000 0.500000 0.300000
0.052002 0.052730 0.164946 0.179202 0.551119
0.001447 0.001613 0.007545 0.414871 0.574523
0.503065 0.055708 0.004003 0.112035 0.325189
0.050000 0.100000 0.050000 0.400000 0.400000
0.250655 0.101019 0.300801 0.153566 0.193959
0.043783 0.063969 0.040790 0.188186 0.663271
0.056818 0.058446 0.209325 0.377152 0.298259
0.057344 0.052506 0.015335 0.179817 0.694997
0.154015 0.054052 0.004793 0.118241 0.668899
0.350000 0.150000 0.100000 0.150000 0.250000
0.100000 0.200000 0.150000 0.350000 0.200000
0.101634 0.101797 0.102451 0.352941 0.341176
0.132860 0.062410 0.081490 0.103251 0.619988
0.200000 0.200000 0.000000 0.350000 0.250000
0.050000 0.100000 0.150000 0.400000 0.300000
0.153698 0.153279 0.254422 0.214953 0.223648
0.052908 0.053571 0.205572 0.363400 0.324549
0.400000 0.050000 0.100000 0.250000 0.200000
0.066231 0.009776 0.007590 0.366203 0.550200
0.050939 0.050000 0.050469 0.201174 0.647418
0.100000 0.000000 0.150000 0.450000 0.300000
0.201732 0.102021 0.002771 0.057564 0.635912
0.103497 0.106809 0.207847 0.059899 0.521947
0.111352 0.011942 0.012641 0.192509 0.671555
0.118620 0.056796 0.007351 0.325860 0.491373
0.072005 0.016045 0.168033 0.122970 0.620949
0.021563 0.014083 0.017799 0.199867 0.746689
0.208471 0.055357 0.002869 0.213517 0.519786
0.212547 0.055052 0.005366 0.282300 0.444735
0.250000 0.200000 0.166667 0.183333 0.200000
0.150000 0.051064 0.151064 0.215319 0.432553
0.000000 0.000000 0.050000 0.450000 0.500000
0.051712 0.101452 0.152490 0.156328 0.538019
0.104366 0.059818 0.109222 0.223505 0.503089
0.253273 0.052968 0.153622 0.306922 0.233214
0.258333 0.100000 0.100000 0.391667 0.150000
0.166261 0.008706 0.160988 0.136455 0.527590
0.050000 0.100000 0.100000 0.300000 0.450000
0.253176 0.101245 0.101806 0.254919 0.288854
0.005200 0.101019 0.250801 0.203566 0.439414
0.102273 0.055114 0.103409 0.209659 0.529545
0.100866 0.001299 0.202165 0.267965 0.427706
0.151732 0.152021 0.052771 0.407564 0.235912
0.050000 0.100000 0.100000 0.450000 0.300000
0.000746 0.050167 0.101957 0.261712 0.585418
0.051639 0.051171 0.051171 0.453981 0.392037
0.200000 0.300000 0.150000 0.200000 0.150000
0.150838 0.102514 0.052235 0.414246 0.280168
0.100792 0.200594 0.200594 0.152376 0.345644
0.100000 0.050000 0.000000 0.300000 0.550000
0.152847 0.050897 0.053743 0.305089 0.437424
0.005206 0.200974 0.073193 0.279362 0.441266
0.200000 0.100000 0.150000 0.200000 0.350000
0.057878 0.106466 0.061598 0.072855 0.701202
0.100000 0.000000 0.250000 0.302055 0.347945
0.301309 0.100262 0.103141 0.203403 0.291885
0.009153 0.053961 0.010657 0.027682 0.898546
0.200000 0.100000 0.150000 0.250000 0.300000
0.300000 0.050000 0.100000 0.250000 0.300000
0.007212 0.003528 0.156658 0.223234 0.609368
0.001965 0.001258 0.052110 0.212426 0.732241
0.202273 0.105114 0.103409 0.159659 0.429545
0.051712 0.151809 0.152490 0.258740 0.385250
0.203651 0.102941 0.053347 0.310548 0.329513
0.072239 0.010698 0.115324 0.150203 0.651536
0.252686 0.052212 0.104107 0.060426 0.530569
0.050000 0.050167 0.051431 0.206049 0.642353
0.200000 0.000000 0.075000 0.050000 0.675000
0.050000 0.000000 0.100000 0.400000 0.450000
0.103651 0.002941 0.153347 0.410548 0.329513
0.200000 0.050000 0.150000 0.250000 0.350000
0.011253 0.006894 0.010212 0.081847 0.889795
0.100000 0.050000 0.150000 0.350000 0.350000
0.100000 0.050000 0.200459 0.152982 0.496560
0.350000 0.150000 0.050000 0.150000 0.300000
0.350000 0.050000 0.100833 0.201667 0.297500
0.250000 0.050000 0.100000 0.300000 0.300000
0.150000 0.150000 0.350000 0.200000 0.150000
0.000000 0.000403 0.100403 0.001210 0.897984
0.250000 0.050000 0.100000 0.250000 0.350000
0.111439 0.006544 0.157920 0.030358 0.693739
0.150000 0.000000 0.050000 0.450000 0.350000
0.000000 0.050000 0.100000 0.150000 0.700000
0.050000 0.100000 0.000595 0.206185 0.643219
0.100368 0.050000 0.152206 0.104779 0.592647
0.207303 0.203683 0.151971 0.007625 0.429418
0.050000 0.100000 0.200459 0.302982 0.346560
0.241259 0.102344 0.007060 0.074062 0.575275
0.151634 0.151797 0.152451 0.252941 0.291176
0.054450 0.054412 0.057205 0.166923 0.667011
0.150000 0.100000 0.100000 0.350000 0.300000
0.050792 0.000594 0.050969 0.154436 0.743209
0.100000 0.200000 0.100000 0.300000 0.300000
0.150000 0.000000 0.200000 0.300000 0.350000
0.203651 0.002941 0.153347 0.210548 0.429513
0.208792 0.002219 0.008071 0.122826 0.658091
0.450000 0.100000 0.100000 0.050000 0.300000
0.053018 0.203468 0.054379 0.163638 0.525497
0.056989 0.105351 0.057333 0.279187 0.501140
0.050330 0.055556 0.073377 0.058251 0.762486
0.014260 0.008161 0.067083 0.307027 0.603469
0.052893 0.052471 0.103665 0.061954 0.729017
0.052834 0.052214 0.057963 0.273947 0.563042
0.000673 0.000897 0.301570 0.252915 0.443946
0.301732 0.202021 0.052771 0.157564 0.285912
0.000000 0.050167 0.100836 0.202676 0.646321
0.008452 0.056994 0.206740 0.166770 0.561045
0.054884 0.055299 0.006990 0.228265 0.654562
0.007048 0.054393 0.061896 0.395561 0.481102
0.500000 0.050000 0.100000 0.100000 0.250000
0.102679 0.100810 0.161518 0.255162 0.379831
0.200954 0.050191 0.101336 0.302863 0.344656
0.000939 0.000000 0.150469 0.401174 0.447418
0.251202 0.052163 0.004327 0.255048 0.437260
0.303582 0.155375 0.056550 0.163062 0.321430
0.050000 0.000000 0.150000 0.350000 0.450000
0.100000 0.000000 0.000000 0.250000 0.650000
0.057096 0.004577 0.005967 0.224654 0.707707
0.100370 0.101481 0.103333 0.054444 0.640370
0.100000 0.200000 0.100000 0.100000 0.500000
0.305522 0.103972 0.057351 0.215890 0.317265
0.000000 0.000000 0.055000 0.050000 0.895000
0.250000 0.000000 0.100595 0.253373 0.396032
0.400000 0.000000 0.050000 0.250000 0.300000
0.200000 0.100000 0.050000 0.100000 0.550000
0.053651 0.202941 0.009597 0.360548 0.373263
0.200000 0.150000 0.050000 0.350000 0.250000
0.116122 0.055817 0.166548 0.178216 0.483297
0.079287 0.167599 0.126180 0.077997 0.548937
0.150000 0.200000 0.100000 0.300000 0.250000
0.151628 0.051369 0.001221 0.209524 0.586259
0.100792 0.000594 0.100594 0.152376 0.645644
0.150370 0.051481 0.104167 0.206111 0.487870
0.005446 0.053725 0.056119 0.015649 0.869060
0.201965 0.151258 0.152376 0.213912 0.280489
0.150000 0.150000 0.250000 0.250000 0.200000
0.000655 0.001019 0.000801 0.153566 0.843959
0.060679 0.013676 0.115452 0.265687 0.544505
0.001309 0.050262 0.103141 0.303403 0.541885
0.302273 0.105114 0.053409 0.309659 0.229545
0.554908 0.053266 0.054577 0.112483 0.224767
0.051429 0.051429 0.105000 0.357143 0.435000
0.300000 0.050000 0.200000 0.150000 0.300000
0.150000 0.050000 0.200000 0.100000 0.500000
0.150939 0.150000 0.050469 0.301174 0.347418
0.050838 0.102514 0.052235 0.264246 0.530168
0.104440 0.005841 0.109796 0.171462 0.608461
0.350000 0.000000 0.000000 0.150000 0.500000
0.106183 0.060670 0.215531 0.265396 0.352220
0.200000 0.050000 0.100000 0.500000 0.150000
0.007888 0.055751 0.010118 0.309092 0.617151
0.350000 0.150000 0.050000 0.200000 0.250000
0.400000 0.100000 0.050000 0.300000 0.150000
0.080463 0.017917 0.030421 0.279704 0.591495
0.000000 0.050000 0.150595 0.253373 0.546032
0.151079 0.001800 0.001648 0.259008 0.586465
0.055203 0.056432 0.160068 0.217883 0.510414
0.051201 0.051299 0.058171 0.373972 0.465357
0.304651 0.108941 0.157347 0.223548 0.205513
0.000792 0.050594 0.200594 0.502376 0.245644
0.005180 0.004084 0.057723 0.229092 0.703922
0.006173 0.054145 0.106278 0.067326 0.766078
0.200000 0.100000 0.300459 0.202982 0.196560
0.001712 0.001452 0.052490 0.206328 0.738019
0.200939 0.000000 0.250928 0.354155 0.193977
0.003039 0.001893 0.003633 0.113669 0.877765
0.050000 0.050167 0.000836 0.152676 0.746321
0.005706 0.051392 0.306741 0.169797 0.466364
0.016116 0.011974 0.017511 0.293035 0.661363
0.101202 0.102163 0.204327 0.205048 0.387260
0.102399 0.101535 0.003933 0.374451 0.417682
0.054748 0.002800 0.051512 0.111930 0.779010
0.050000 0.150000 0.200000 0.250000 0.350000
0.051710 0.051871 0.102455 0.059104 0.734860
0.151732 0.052021 0.152771 0.257564 0.385912
0.150000 0.200000 0.050000 0.100000 0.500000
0.167466 0.112447 0.107559 0.271174 0.341354
0.226665 0.016782 0.124983 0.158442 0.473128
0.050000 0.000000 0.100000 0.350000 0.500000
0.033514 0.068686 0.031740 0.283346 0.582715
0.001639 0.001171 0.101171 0.503981 0.392037
0.037078 0.068521 0.130296 0.283144 0.480961
0.004870 0.250974 0.055519 0.213743 0.474893
0.100000 0.100000 0.150000 0.450000 0.200000
0.100000 0.150000 0.100000 0.400000 0.250000
0.001712 0.101452 0.057490 0.006328 0.833019
0.205295 0.103941 0.004484 0.068721 0.617559
0.451712 0.051452 0.052490 0.106328 0.338019
0.500000 0.100000 0.050000 0.250000 0.100000
0.105036 0.004837 0.104470 0.170421 0.615237
0.052172 0.001299 0.254840 0.373918 0.317771
0.150000 0.006250 0.050000 0.456250 0.337500
0.062652 0.018392 0.242052 0.216994 0.459910
0.204812 0.057653 0.163855 0.215189 0.358491
0.100000 0.150000 0.050000 0.300000 0.400000
0.006353 0.106558 0.113607 0.144796 0.628686
0.009658 0.003415 0.112498 0.089587 0.784842
0.150000 0.150000 0.050000 0.250000 0.400000
0.325000 0.050000 0.100000 0.250000 0.275000
0.250000 0.050000 0.000000 0.350000 0.350000
0.052920 0.053721 0.003361 0.314585 0.575412
0.050962 0.001442 0.053616 0.265395 0.628585
0.100000 0.200000 0.250000 0.200000 0.250000
0.203199 0.157891 0.113594 0.224474 0.300842
0.201286 0.051447 0.001608 0.204019 0.541640
0.006103 0.004294 0.014603 0.328628 0.646371
0.056349 0.054808 0.101951 0.286341 0.500551
0.410689 0.113619 0.163693 0.120112 0.191887
0.051965 0.001258 0.101651 0.157390 0.687736
0.007827 0.103529 0.003505 0.064653 0.820485
0.051429 0.050714 0.101429 0.271538 0.524890
0.006592 0.003175 0.055965 0.265340 0.668928
0.303509 0.004858 0.008347 0.110904 0.572382
0.050655 0.001019 0.101259 0.056548 0.790519
0.100000 0.050000 0.150000 0.500000 0.200000
0.100792 0.050594 0.100594 0.052376 0.695644
0.051520 0.151722 0.056130 0.421261 0.319367
0.050000 0.000000 0.100000 0.400000 0.450000
0.200000 0.200000 0.100000 0.150000 0.350000
0.020483 0.010571 0.015781 0.103384 0.849780
0.003371 0.055809 0.108279 0.300137 0.532405
0.103176 0.051245 0.061806 0.174919 0.608854
0.054266 0.005903 0.158327 0.294216 0.487287
0.308381 0.056320 0.160104 0.274061 0.201135
0.153651 0.002941 0.203347 0.262602 0.377458
0.100000 0.100000 0.200000 0.400000 0.200000
0.050000 0.000000 0.050000 0.500000 0.400000
0.051712 0.101452 0.152490 0.106328 0.588019
0.350000 0.050000 0.250000 0.150000 0.200000
0.006656 0.112156 0.287609 0.266328 0.327251
0.000836 0.050418 0.056877 0.005493 0.886377
0.066300 0.021233 0.053382 0.106732 0.752353
0.001286 0.101614 0.103039 0.110068 0.683993
0.102128 0.104941 0.364512 0.269863 0.158556
0.050962 0.001442 0.001442 0.313979 0.632175
0.006205 0.005166 0.009987 0.041229 0.937413
0.007268 0.002669 0.052517 0.212926 0.724619
0.101128 0.050594 0.201601 0.106508 0.540170
0.055984 0.055816 0.160161 0.129955 0.598083
0.050000 0.000000 0.300000 0.350000 0.300000
0.400000 0.100000 0.000000 0.050000 0.450000
0.400838 0.052514 0.102235 0.014246 0.430168
0.300000 0.200000 0.100000 0.350000 0.050000
0.018438 0.107428 0.208404 0.282455 0.383274
0.100655 0.204352 0.000801 0.153566 0.540626
0.006038 0.005981 0.056919 0.321677 0.609385
0.150000 0.050000 0.150000 0.200000 0.450000
0.056853 0.054084 0.058302 0.159508 0.671253
0.076108 0.010437 0.020837 0.210741 0.681877
0.356349 0.153492 0.050635 0.054762 0.384762
0.210000 0.006433 0.053982 0.115310 0.614275
0.100000 0.050000 0.100000 0.250000 0.500000
0.100000 0.150000 0.250000 0.350000 0.150000
0.150000 0.116667 0.050000 0.283333 0.400000
0.200000 0.300000 0.000000 0.300000 0.200000
0.151980 0.002691 0.005470 0.110873 0.728986
0.150000 0.050000 0.250714 0.202143 0.347143
0.150000 0.000000 0.100000 0.350000 0.400000
0.055654 0.002896 0.104090 0.215648 0.621712
0.150792 0.100594 0.250594 0.202376 0.295644
0.150000 0.150000 0.200000 0.100000 0.400000
0.150336 0.150000 0.151007 0.201007 0.347651
0.000000 0.000000 0.150000 0.300000 0.550000
0.014156 0.168461 0.175861 0.171957 0.469565
0.150000 0.050000 0.150000 0.100000 0.550000
0.102505 0.002470 0.203335 0.271947 0.419743
0.007769 0.225315 0.115126 0.219449 0.432341
0.406349 0.053492 0.100635 0.104762 0.334762
0.200000 0.100000 0.150000 0.250000 0.300000
0.069353 0.008147 0.016201 0.077223 0.829076
0.052143 0.002793 0.106220 0.413622 0.425223
0.100866 0.001299 0.102539 0.370025 0.425271
0.007692 0.052987 0.051064 0.409165 0.479092
0.053501 0.052061 0.154452 0.263926 0.476060
0.038138 0.020686 0.080070 0.151877 0.709229
0.208928 0.110541 0.068307 0.195870 0.416353
0.200000 0.200000 0.100000 0.350000 0.150000
0.151801 0.050636 0.101858 0.157992 0.537714
0.010144 0.007114 0.070491 0.097723 0.814528
0.105992 0.055193 0.058513 0.283710 0.496591
0.200000 0.050000 0.150000 0.300000 0.300000
0.004269 0.053510 0.105767 0.435876 0.400579
0.164079 0.004559 0.018137 0.224332 0.588893
0.000000 0.100000 0.200000 0.302055 0.397945
0.200000 0.150403 0.200403 0.134543 0.314651
0.052647 0.000882 0.250882 0.501471 0.194118
0.150000 0.100000 0.052174 0.252174 0.445652
0.211711 0.157909 0.207863 0.076556 0.345961
0.053328 0.103914 0.054733 0.223115 0.564911
0.050673 0.050897 0.002284 0.205058 0.691089
0.100000 0.050000 0.100000 0.200000 0.550000
0.100000 0.100000 0.150000 0.400000 0.250000
0.150836 0.202501 0.150627 0.058902 0.437134
0.301712 0.201452 0.102490 0.156328 0.238019
0.263701 0.107780 0.065288 0.106198 0.457033
0.151801 0.100636 0.051483 0.055932 0.640148
0.050792 0.250594 0.150594 0.252376 0.295644
0.150000 0.050000 0.050000 0.200000 0.550000
0.004815 0.052416 0.002977 0.058900 0.880892
0.250792 0.000594 0.050594 0.202376 0.495644
0.006908 0.006505 0.010764 0.189789 0.786035
0.150000 0.250000 0.200000 0.200000 0.200000
0.059041 0.056924 0.061543 0.305206 0.517286
0.100655 0.051019 0.050801 0.111900 0.685626
0.155745 0.060317 0.210265 0.105089 0.468584
0.100000 0.200000 0.150000 0.300000 0.250000
0.100000 0.050000 0.250000 0.250000 0.350000
0.403651 0.003344 0.053750 0.361757 0.177497
0.301667 0.100000 0.210000 0.200000 0.188333
0.150370 0.001481 0.054517 0.413948 0.379684
0.015739 0.060204 0.012924 0.243341 0.667793
0.150000 0.050000 0.050000 0.200000 0.550000
0.100368 0.100000 0.052206 0.404779 0.342647
0.162210 0.055884 0.159905 0.132583 0.489419
0.073606 0.019456 0.124177 0.152916 0.629844
0.000000 0.100000 0.400000 0.100000 0.400000
0.157401 0.004718 0.007067 0.274279 0.556535
0.104010 0.104773 0.156679 0.187495 0.447043
0.050000 0.000000 0.050000 0.300000 0.600000
0.053837 0.003061 0.054572 0.168094 0.720436
0.104378 0.053409 0.056133 0.268300 0.517781
0.108063 0.107759 0.013327 0.182614 0.588238
0.005704 0.002379 0.154777 0.264298 0.572843
0.129535 0.060128 0.015810 0.148426 0.646101
0.051712 0.107008 0.074712 0.306328 0.460241
0.003033 0.101643 0.056406 0.166030 0.672888
0.101991 0.001491 0.002164 0.055291 0.839063
0.256349 0.103492 0.100635 0.254762 0.284762
0.350000 0.000000 0.100000 0.150000 0.400000
0.055082 0.156498 0.060199 0.196674 0.531547
0.157905 0.056333 0.060106 0.128878 0.596778
0.162364 0.056784 0.075121 0.036058 0.669673
0.151634 0.051797 0.152451 0.252941 0.391176
0.121645 0.070878 0.027227 0.212538 0.567713
0.050000 0.050000 0.150000 0.250000 0.500000
0.251447 0.001613 0.001395 0.057794 0.687751
0.057724 0.102262 0.055107 0.220071 0.564836
0.059745 0.007298 0.111661 0.289720 0.531576
0.113041 0.007689 0.061807 0.143298 0.674164
0.112654 0.208919 0.012364 0.143553 0.522510
0.050000 0.200000 0.300000 0.200000 0.250000
0.002387 0.003040 0.103572 0.161130 0.729871
0.300000 0.150000 0.100000 0.100000 0.350000
0.100000 0.000000 0.200000 0.350000 0.350000
0.250000 0.100000 0.050459 0.102982 0.496560
0.050000 0.050000 0.050000 0.200000 0.650000
0.300000 0.300000 0.200000 0.000000 0.200000
0.004504 0.051683 0.004592 0.217898 0.721323
0.050000 0.100000 0.100000 0.350000 0.400000
0.025413 0.066272 0.020927 0.129033 0.758356
0.200000 0.302273 0.150000 0.100000 0.247727
0.100000 0.050357 0.000000 0.100357 0.749286
0.051380 0.050810 0.103724 0.359941 0.434145
0.400000 0.250000 0.050000 0.050000 0.250000
0.050985 0.001019 0.101956 0.211817 0.634223
0.064417 0.108219 0.117142 0.201259 0.508963
0.001667 0.150000 0.110000 0.350000 0.388333
0.102524 0.001537 0.154165 0.363256 0.378518
0.054908 0.003623 0.054952 0.114900 0.771618
0.010224 0.006925 0.111498 0.084956 0.786396
0.350000 0.100000 0.050000 0.100000 0.400000
0.052273 0.005114 0.153409 0.217992 0.571212
0.451309 0.075262 0.003141 0.153403 0.316885
0.003546 0.002727 0.105139 0.317697 0.570891
0.026296 0.165144 0.074962 0.213354 0.520244
0.016070 0.062651 0.061366 0.037304 0.822609
0.101965 0.201258 0.101651 0.207390 0.387736
0.351732 0.002021 0.102771 0.107564 0.435912
0.259525 0.106821 0.052441 0.113848 0.467366
0.018147 0.114622 0.073578 0.200842 0.592811
0.200000 0.050000 0.000000 0.152055 0.597945
0.057185 0.056244 0.061411 0.101566 0.723594
0.043850 0.022666 0.083684 0.148619 0.701180
0.200000 0.100000 0.100000 0.300000 0.300000
0.014688 0.013638 0.022998 0.101470 0.847206
0.001926 0.108778 0.124185 0.447815 0.317296
0.010324 0.054555 0.008728 0.158144 0.768249
0.266479 0.052814 0.007170 0.265346 0.408191
0.050000 0.050000 0.100459 0.252982 0.546560
0.001294 0.002778 0.129058 0.586261 0.280610
0.017462 0.009077 0.115357 0.054182 0.803921
0.050000 0.300000 0.200000 0.200000 0.250000
0.057259 0.014073 0.042385 0.131055 0.755228
0.252537 0.002090 0.252239 0.208955 0.284179
0.157623 0.052995 0.059311 0.169252 0.560819
0.151634 0.101797 0.002451 0.552941 0.191176
0.150000 0.050000 0.200000 0.200000 0.400000
0.207733 0.005259 0.108937 0.235259 0.442812
0.051447 0.001613 0.051395 0.305942 0.589603
0.151128 0.050594 0.052196 0.206756 0.539326
0.052068 0.052021 0.153778 0.208570 0.533563
0.050655 0.101019 0.150801 0.189677 0.507848
0.051043 0.002378 0.204903 0.157359 0.584317
0.150000 0.050000 0.100000 0.200000 0.500000
0.150000 0.100000 0.100000 0.150000 0.500000
0.003024 0.201673 0.203196 0.064787 0.527320
0.300000 0.150000 0.100000 0.152055 0.297945
0.152213 0.051056 0.001691 0.308352 0.486688
0.015614 0.057070 0.107081 0.225537 0.594699
0.009990 0.057489 0.110012 0.170523 0.651986
0.051857 0.053182 0.105128 0.208614 0.581219
0.111119 0.112098 0.071876 0.222365 0.482542
0.450000 0.150000 0.050000 0.000000 0.350000
0.057692 0.051923 0.100000 0.303846 0.486538
0.109437 0.005717 0.009424 0.126645 0.748778
0.150000 0.100000 0.050000 0.158333 0.541667
0.208322 0.004953 0.057760 0.117226 0.611739
0.063877 0.010126 0.061912 0.149539 0.714546
0.106011 0.109420 0.009165 0.353348 0.422056
0.054842 0.053514 0.208211 0.230461 0.452972
0.000000 0.100000 0.050000 0.550000 0.300000
0.103176 0.201245 0.051806 0.154919 0.488854
0.001521 0.002318 0.002965 0.321532 0.671665
0.305194 0.004836 0.053999 0.146700 0.489271
0.300000 0.200000 0.200000 0.200000 0.100000
0.100559 0.000279 0.252514 0.205866 0.440782
0.053651 0.152941 0.303347 0.260548 0.229513
0.000000 0.150000 0.150000 0.350000 0.350000
0.351202 0.102163 0.204327 0.055048 0.287260
0.250424 0.050424 0.100847 0.113418 0.484887
0.050000 0.000000 0.150459 0.302982 0.496560
0.166785 0.009554 0.016000 0.241734 0.565926
0.154401 0.002101 0.155345 0.224832 0.463321
0.100000 0.000000 0.050000 0.400000 0.450000
0.053989 0.102058 0.005263 0.070720 0.767971
0.100368 0.000000 0.152206 0.254779 0.492647
0.151202 0.102163 0.054327 0.205048 0.487260
0.151639 0.101171 0.151171 0.303981 0.292037
0.003337 0.001997 0.003881 0.214381 0.776404
0.150000 0.150000 0.050000 0.300000 0.350000
0.056984 0.055710 0.008005 0.078487 0.800815
0.050851 0.100638 0.151064 0.353617 0.343830
0.352273 0.055114 0.003409 0.109659 0.479545
0.101965 0.051258 0.101651 0.157390 0.587736
0.015984 0.060029 0.057872 0.083295 0.782820
0.200000 0.100000 0.150000 0.150000 0.400000
0.050000 0.002273 0.000000 0.102055 0.845672
0.150673 0.050897 0.051570 0.352915 0.393946
0.101667 0.051667 0.151111 0.211111 0.484444
0.054751 0.053080 0.055926 0.277815 0.558428
0.104472 0.110366 0.038670 0.328998 0.417495
0.051236 0.054096 0.156814 0.162322 0.575532
0.102387 0.353040 0.153572 0.161130 0.229871
0.059897 0.112538 0.067153 0.171586 0.588826
0.200000 0.150000 0.300000 0.210000 0.140000
0.001863 0.002509 0.003519 0.172437 0.819672
0.053547 0.001676 0.053024 0.118344 0.773409
0.054512 0.002108 0.059238 0.116455 0.767687
0.035349 0.215159 0.026040 0.280273 0.443179
0.152547 0.101870 0.066450 0.117730 0.561403
0.000000 0.150000 0.200000 0.400000 0.250000
0.100655 0.151019 0.050801 0.053566 0.643959
0.000655 0.051019 0.250801 0.163566 0.533959
0.057103 0.104664 0.107510 0.276016 0.454707
0.179793 0.013599 0.023022 0.151991 0.631594
0.150000 0.050000 0.200000 0.300000 0.300000
0.005880 0.021904 0.111147 0.166923 0.694146
0.150000 0.100000 0.050000 0.400000 0.300000
0.100000 0.000167 0.100836 0.252676 0.546321
0.005754 0.056443 0.159452 0.403325 0.375027
0.106237 0.053851 0.013665 0.073688 0.752559
0.216032 0.107685 0.066078 0.196221 0.413983
0.350368 0.050000 0.152206 0.154779 0.292647
0.252248 0.100262 0.103611 0.304577 0.239303
0.050000 0.050000 0.200000 0.400000 0.300000
0.055318 0.011261 0.054861 0.329118 0.549441
0.101458 0.000594 0.059601 0.117616 0.720731
0.100000 0.000524 0.000836 0.336366 0.562273
0.209607 0.006167 0.053832 0.213922 0.516473
0.200866 0.151299 0.002165 0.367965 0.277706
0.002638 0.052155 0.053220 0.260305 0.631682
0.005060 0.053378 0.107912 0.621764 0.211886
0.007923 0.053688 0.003318 0.166492 0.768579
0.054870 0.100974 0.155519 0.261688 0.426948
0.004130 0.053709 0.003142 0.119320 0.819700
0.019582 0.171259 0.027385 0.223390 0.558384
0.054931 0.153937 0.152946 0.422253 0.215933
0.007405 0.003952 0.058990 0.137483 0.792170
0.050000 0.000000 0.050000 0.200000 0.700000
0.200000 0.050000 0.300000 0.200000 0.250000
0.015354 0.008432 0.058638 0.136454 0.781122
0.053041 0.154039 0.007296 0.292679 0.492945
0.307692 0.201923 0.000000 0.353846 0.136538
0.400000 0.200000 0.100000 0.150000 0.150000
0.100000 0.050000 0.300000 0.100000 0.450000
0.050838 0.052514 0.052235 0.414246 0.430168
0.000000 0.050167 0.150836 0.302676 0.496321
0.200000 0.150000 0.350000 0.150000 0.150000
0.061673 0.007768 0.062099 0.196555 0.671904
0.100000 0.250000 0.100000 0.300000 0.250000
0.253937 0.153139 0.055015 0.162496 0.375413
0.500000 0.000000 0.000000 0.100000 0.400000
0.300673 0.100897 0.051570 0.252915 0.293946
0.063230 0.003769 0.105695 0.017474 0.809831
0.050000 0.050000 0.000000 0.150000 0.750000
0.301812 0.000594 0.101614 0.202376 0.393603
0.000000 0.050403 0.100403 0.201210 0.647984
0.350000 0.050000 0.100000 0.100000 0.400000
0.153095 0.202381 0.151825 0.118968 0.373730
0.052174 0.100000 0.152174 0.502174 0.193478
0.200000 0.050000 0.150000 0.250000 0.350000
0.007519 0.053865 0.012321 0.135878 0.790416
0.104773 0.055300 0.056586 0.336285 0.447056
0.155072 0.115670 0.108696 0.208424 0.412138
0.006152 0.007294 0.013375 0.378177 0.595002
0.059008 0.003946 0.008029 0.130010 0.799007
0.002710 0.055109 0.057078 0.273790 0.611314
0.200000 0.100000 0.100000 0.400000 0.200000
0.300424 0.000424 0.200847 0.255085 0.243220
0.250000 0.000000 0.250725 0.156522 0.342754
0.050336 0.050000 0.001007 0.501007 0.397651
0.150000 0.050000 0.250000 0.301852 0.248148
0.150000 0.150000 0.200000 0.300000 0.200000
0.109187 0.010666 0.160971 0.258267 0.460910
0.002135 0.051876 0.053337 0.361413 0.531239
0.125297 0.010896 0.062744 0.216871 0.584192
0.056240 0.052268 0.059900 0.263536 0.568055
0.052593 0.001230 0.002791 0.260451 0.682935
0.006809 0.007771 0.059530 0.156910 0.768979
0.105472 0.105014 0.008888 0.154045 0.626581
0.000000 0.100000 0.200000 0.300000 0.400000
0.103763 0.002888 0.054558 0.168524 0.670267
0.100792 0.150594 0.150594 0.202376 0.395644
0.001639 0.051171 0.001171 0.156036 0.789983
0.101012 0.050977 0.102354 0.257838 0.487819
0.153734 0.001525 0.104320 0.110785 0.629636
0.263703 0.109106 0.060221 0.042950 0.524020
0.310456 0.106599 0.059919 0.224462 0.298563
0.151965 0.151258 0.251651 0.157390 0.287736
0.001000 0.056000 0.054000 0.215055 0.673945
0.013561 0.011126 0.073640 0.217423 0.684251
0.202273 0.105114 0.103409 0.009659 0.579545
0.052122 0.156967 0.060993 0.179475 0.550444
0.005884 0.003753 0.059518 0.276429 0.654417
0.251732 0.002021 0.002771 0.157564 0.585912
0.400000 0.200000 0.000000 0.250000 0.150000
0.102214 0.052973 0.105845 0.162062 0.576906
0.058444 0.109925 0.060884 0.083460 0.687288
0.250000 0.100000 0.000000 0.100000 0.550000
0.264424 0.004748 0.064290 0.175018 0.491521
0.056806 0.065625 0.007876 0.124122 0.745571
0.050939 0.000403 0.100873 0.052383 0.795402
0.250000 0.050000 0.100000 0.500000 0.100000
0.200000 0.100000 0.150000 0.250000 0.300000
0.000000 0.050000 0.200000 0.550000 0.200000
0.150000 0.000000 0.200000 0.150000 0.500000
0.101436 0.101157 0.202973 0.408848 0.185587
0.055253 0.102033 0.157052 0.133659 0.552004
0.650000 0.000000 0.200000 0.050000 0.100000
0.150000 0.150000 0.200000 0.150000 0.350000
0.100000 0.050000 0.050000 0.150000 0.650000
0.150559 0.105381 0.222442 0.196516 0.325102
0.101732 0.052021 0.102771 0.357564 0.385912
0.150000 0.200000 0.300000 0.150000 0.200000
0.150000 0.000000 0.250000 0.400000 0.200000
0.105238 0.053266 0.105732 0.220733 0.515031
0.200000 0.050000 0.200000 0.250000 0.300000
0.050000 0.150000 0.450000 0.250000 0.100000
0.000336 0.000357 0.001007 0.501364 0.496937
0.600000 0.050000 0.000000 0.150000 0.200000
0.200000 0.100000 0.050000 0.350000 0.300000
0.053651 0.052941 0.053347 0.260548 0.579513
0.150836 0.150418 0.200627 0.154735 0.343384
0.109637 0.106644 0.111334 0.175996 0.496388
0.159496 0.056062 0.057722 0.081933 0.644786
0.350000 0.150000 0.000000 0.100000 0.400000
0.102537 0.052493 0.152642 0.260165 0.432163
0.351712 0.101452 0.202490 0.106328 0.238019
0.058663 0.008921 0.160462 0.186247 0.585706
0.500000 0.000000 0.000000 0.100000 0.400000
0.700000 0.100000 0.000000 0.050000 0.150000
0.055583 0.202860 0.352139 0.116309 0.273109
0.250000 0.100000 0.150000 0.200000 0.300000
0.100000 0.000000 0.100000 0.450000 0.350000
0.152583 0.052659 0.104430 0.014554 0.675774
0.004472 0.052033 0.104878 0.376016 0.462602
0.005028 0.056297 0.056228 0.370866 0.511581
0.104540 0.003300 0.008620 0.177675 0.705865
0.000655 0.001019 0.050801 0.206691 0.740834
0.015633 0.013002 0.064177 0.245605 0.661582
0.001754 0.101578 0.155834 0.382082 0.358752
0.054368 0.100000 0.052206 0.312779 0.480647
0.250000 0.100000 0.150000 0.200000 0.300000
0.300000 0.250000 0.100000 0.150000 0.200000
0.101012 0.225810 0.201518 0.155162 0.316498
0.031907 0.069188 0.076923 0.148209 0.673773
0.355496 0.014946 0.067706 0.124606 0.437246
0.010501 0.105986 0.015410 0.137142 0.730961
0.250370 0.051481 0.103333 0.404444 0.190370
0.100000 0.000000 0.050000 0.350000 0.500000
0.050000 0.200000 0.100000 0.300000 0.350000
0.054130 0.051436 0.153975 0.339448 0.401011
0.049484 0.124465 0.039821 0.164201 0.622029
0.063617 0.006161 0.003152 0.067688 0.859381
0.009845 0.159218 0.113383 0.092045 0.625509
0.122916 0.063192 0.018523 0.258947 0.536423
0.005318 0.104608 0.104458 0.279992 0.505624
0.104298 0.101839 0.003929 0.117606 0.672327
0.106240 0.055271 0.105836 0.216875 0.515777
0.350000 0.100000 0.150000 0.100000 0.300000
0.152724 0.152665 0.104411 0.212699 0.377501
0.256904 0.053736 0.109526 0.121472 0.458363
0.201667 0.055102 0.018163 0.267347 0.457721
0.052258 0.002021 0.053367 0.110937 0.781418
0.104623 0.052858 0.103200 0.222320 0.516999
0.100926 0.052778 0.110185 0.114815 0.621296
0.109187 0.005552 0.025011 0.037477 0.822773
0.100792 0.150761 0.101430 0.155052 0.491965
0.020459 0.121320 0.076540 0.089020 0.692660
0.400000 0.150000 0.100000 0.300000 0.050000
0.250000 0.100000 0.100000 0.050000 0.500000
0.255012 0.100810 0.151518 0.213162 0.279498
0.100000 0.100000 0.050000 0.350000 0.400000
0.055782 0.103778 0.107222 0.528291 0.204928
0.050000 0.050000 0.250000 0.200000 0.450000
0.059028 0.002875 0.058803 0.433619 0.445674
0.350000 0.200000 0.000000 0.100000 0.350000
0.015402 0.019997 0.046679 0.180245 0.737678
0.003309 0.102091 0.204300 0.362460 0.327841
0.051965 0.151258 0.051651 0.257390 0.487736
0.250000 0.050000 0.000000 0.300000 0.400000
0.058595 0.059842 0.132975 0.214137 0.534452
0.053720 0.056727 0.004804 0.015602 0.869148
0.103651 0.102941 0.153347 0.210548 0.429513
0.010277 0.007492 0.108542 0.295248 0.578441
0.306349 0.153492 0.150635 0.154762 0.234762
0.000000 0.000000 0.100000 0.450000 0.450000
0.360317 0.055331 0.053035 0.262057 0.269260
0.056827 0.204187 0.005153 0.415467 0.318367
0.100866 0.001299 0.052165 0.417965 0.427706
0.000000 0.200167 0.250836 0.152676 0.396321
0.007052 0.003946 0.059774 0.375661 0.553568
0.071801 0.109648 0.015428 0.047824 0.755298
0.153831 0.052264 0.152606 0.258485 0.382814
0.000866 0.051299 0.202165 0.567965 0.177706
0.203651 0.002941 0.103347 0.410548 0.279513
0.051201 0.052614 0.066252 0.412316 0.417617
0.006535 0.002584 0.161011 0.285426 0.544445
0.102920 0.103244 0.104059 0.108812 0.580964
0.100836 0.000418 0.050627 0.188069 0.660051
0.058913 0.105264 0.059920 0.279647 0.496255
0.350000 0.250000 0.050000 0.050000 0.300000
0.203176 0.101649 0.102209 0.256129 0.336838
0.456363 0.003177 0.004978 0.218254 0.317229
0.050000 0.100000 0.200000 0.250000 0.400000
0.121960 0.061233 0.025979 0.225280 0.565547
0.066841 0.010049 0.013257 0.241127 0.668727
0.056613 0.056183 0.007083 0.121524 0.758597
0.000000 0.050000 0.050000 0.350000 0.550000
0.250000 0.100000 0.100000 0.200000 0.350000
0.200000 0.100000 0.050000 0.250000 0.400000
0.100424 0.100424 0.150847 0.351381 0.296924
0.050370 0.051481 0.153333 0.304444 0.440370
0.308061 0.104944 0.103125 0.061090 0.422781
0.151801 0.050636 0.201483 0.205932 0.390148
0.100000 0.158333 0.017125 0.427982 0.296560
0.170235 0.062074 0.164346 0.035331 0.568013
0.100559 0.050279 0.102973 0.208848 0.537342
0.105509 0.152820 0.105600 0.175406 0.460665
0.400000 0.200000 0.150000 0.200000 0.050000
0.105933 0.003264 0.004887 0.167361 0.718555
0.109718 0.159116 0.162895 0.232522 0.335749
0.100000 0.050000 0.210000 0.420000 0.220000
0.009244 0.074255 0.169834 0.252479 0.494188
0.100000 0.050000 0.250000 0.400000 0.200000
0.002058 0.105554 0.253298 0.414693 0.224397
0.153558 0.155409 0.212817 0.164815 0.313402
0.150000 0.000000 0.000000 0.400000 0.450000
0.050000 0.250000 0.250000 0.250000 0.200000
0.260031 0.059751 0.059115 0.127137 0.493967
0.104350 0.053607 0.005710 0.116633 0.719701
0.000000 0.050000 0.250000 0.550000 0.150000
0.202473 0.101700 0.103889 0.011523 0.580416
0.050673 0.200897 0.051570 0.202915 0.493946
0.101878 0.102108 0.255606 0.375182 0.165226
0.002624 0.008778 0.067921 0.342905 0.577773
0.351965 0.151258 0.052110 0.110372 0.334295
0.100939 0.000000 0.100469 0.251174 0.547418
0.102740 0.000636 0.052667 0.159249 0.684709
0.200000 0.050000 0.250000 0.250000 0.250000
0.154613 0.104383 0.154789 0.223769 0.362446
0.153726 0.052313 0.156734 0.215293 0.421935
0.104070 0.150581 0.052326 0.309302 0.383721
0.000939 0.000000 0.300928 0.404155 0.293977
0.058554 0.054283 0.004961 0.019621 0.862580
0.050946 0.025717 0.047899 0.117991 0.757447
0.005520 0.004258 0.058346 0.127381 0.804495
0.218524 0.111516 0.138461 0.158614 0.372886
0.016785 0.009084 0.070671 0.197641 0.705820
0.012134 0.007767 0.078131 0.155429 0.746538
0.102620 0.002277 0.102452 0.360956 0.431695
0.007247 0.004194 0.106766 0.222610 0.659183
0.100000 0.050000 0.250000 0.250000 0.350000
0.200000 0.100000 0.350000 0.150000 0.200000
0.200000 0.150000 0.050000 0.150000 0.450000
0.206695 0.154636 0.058408 0.120903 0.459357
0.051712 0.051452 0.252490 0.306328 0.338019
0.252329 0.150262 0.104162 0.053403 0.439844
0.152459 0.150594 0.110594 0.302376 0.283977
0.107316 0.153786 0.159837 0.260612 0.318449
0.152943 0.052059 0.055592 0.306344 0.433061
0.100000 0.250000 0.150000 0.300000 0.200000
0.058397 0.055575 0.014652 0.074221 0.797155
0.102732 0.001452 0.103510 0.206328 0.585978
0.100877 0.050877 0.350000 0.150000 0.348246
0.600000 0.200000 0.000000 0.050000 0.150000
0.158466 0.155357 0.056324 0.419448 0.210405
0.101174 0.102514 0.153241 0.315253 0.327819
0.003415 0.105265 0.056889 0.538539 0.295892
0.101746 0.000785 0.001930 0.105239 0.790300
0.200939 0.004545 0.009560 0.055719 0.729236
0.053127 0.001255 0.053039 0.061226 0.831353
0.050000 0.100000 0.050000 0.400000 0.400000
0.105453 0.006874 0.061069 0.118905 0.707698
0.414462 0.007636 0.060690 0.086204 0.431008
0.052593 0.051230 0.002077 0.060363 0.833737
0.150000 0.100000 0.150459 0.152982 0.446560
0.150792 0.000594 0.050594 0.152376 0.645644
0.100838 0.152514 0.152235 0.364246 0.230168
0.250330 0.250000 0.101155 0.058251 0.340264
0.200559 0.150279 0.252514 0.155866 0.240782
0.100000 0.100000 0.200000 0.200000 0.400000
0.004780 0.054202 0.159854 0.190090 0.591074
0.200000 0.000000 0.150000 0.150000 0.500000
0.103176 0.101602 0.052180 0.007336 0.735706
0.008896 0.111531 0.112454 0.301188 0.465931
0.150000 0.000000 0.400000 0.200000 0.250000
0.200000 0.105102 0.058163 0.317347 0.319388
0.550000 0.100000 0.050000 0.050000 0.250000
0.205220 0.203713 0.055945 0.171848 0.363275
0.100559 0.100279 0.152973 0.408848 0.237342
0.105392 0.056101 0.056375 0.381089 0.401043
0.150000 0.100000 0.200000 0.350000 0.200000
0.157185 0.003910 0.101262 0.109497 0.628146
0.057414 0.056563 0.064934 0.211940 0.609150
0.150939 0.250000 0.100469 0.201174 0.297418
0.200000 0.100000 0.150000 0.100000 0.450000
0.000000 0.000000 0.250000 0.200000 0.550000
0.100000 0.100000 0.150000 0.350000 0.300000
0.063487 0.019357 0.169851 0.379610 0.367694
0.151732 0.102021 0.102771 0.157564 0.485912
0.200000 0.000000 0.150000 0.500000 0.150000
0.059214 0.009310 0.058725 0.180763 0.691989
0.101465 0.000000 0.050469 0.101174 0.746892
0.002883 0.051870 0.104123 0.062070 0.779054
0.051667 0.151667 0.101111 0.311111 0.384444
0.062927 0.011334 0.110267 0.335613 0.479859
0.154093 0.001423 0.150712 0.454303 0.239469
0.250000 0.100000 0.100000 0.400000 0.150000
0.066146 0.110407 0.067083 0.051866 0.704499
0.118501 0.009770 0.064712 0.203960 0.603057
0.100000 0.050000 0.100000 0.361538 0.388462
0.025203 0.014600 0.015613 0.106351 0.838233
0.063685 0.108335 0.167765 0.228106 0.432108
0.000754 0.100424 0.202003 0.313336 0.383484
0.100424 0.150424 0.200847 0.255085 0.293220
0.055606 0.104370 0.058347 0.169745 0.611932
0.058835 0.108510 0.060430 0.337640 0.434585
0.251790 0.000609 0.001963 0.357598 0.388041
0.006955 0.155782 0.011311 0.277310 0.548642
0.256797 0.055733 0.161354 0.168698 0.357418
0.051202 0.102163 0.204327 0.355048 0.287260
0.058709 0.055750 0.059316 0.074240 0.751985
0.100792 0.150594 0.150594 0.302376 0.295644
0.000000 0.000000 0.300000 0.300000 0.400000
0.056127 0.013400 0.039098 0.223592 0.667783
0.211252 0.055707 0.109506 0.292307 0.331229
0.103608 0.002724 0.108339 0.173294 0.612035
0.051533 0.150236 0.301769 0.306486 0.189976
0.001944 0.002145 0.105637 0.279213 0.611060
0.102298 0.052251 0.002458 0.059559 0.783433
0.066429 0.057492 0.108104 0.247821 0.520154
0.300000 0.100000 0.200000 0.300000 0.100000
0.263741 0.008008 0.012142 0.198583 0.517527
0.100000 0.000000 0.150000 0.300000 0.450000
0.204472 0.152033 0.004878 0.328071 0.310547
0.300000 0.100000 0.100000 0.100000 0.400000
0.000000 0.100000 0.200000 0.350000 0.350000
0.100000 0.300000 0.200000 0.150000 0.250000
0.204689 0.103520 0.055659 0.118880 0.517252
0.082781 0.080356 0.061920 0.024618 0.750326
0.005901 0.106481 0.058980 0.124252 0.704386
0.050000 0.050000 0.350459 0.402982 0.146560
0.106535 0.054802 0.057229 0.176000 0.605433
0.401634 0.101797 0.202451 0.102941 0.191176
0.151634 0.201797 0.152451 0.252941 0.241176
0.352384 0.052349 0.004059 0.009243 0.581965
0.200939 0.000403 0.000873 0.252383 0.545402
0.059698 0.055181 0.061145 0.081929 0.742047
0.000000 0.050000 0.200000 0.250000 0.500000
0.037732 0.071433 0.132558 0.138615 0.619662
0.101429 0.151429 0.155000 0.403439 0.188704
0.100866 0.001299 0.152165 0.467965 0.277706
0.002724 0.002262 0.204467 0.314471 0.476076
0.150000 0.050000 0.100000 0.050000 0.650000
0.300000 0.100000 0.150000 0.200000 0.250000
0.201286 0.151447 0.202322 0.156162 0.288783
0.000559 0.050279 0.202514 0.355866 0.390782
0.100000 0.050000 0.150000 0.600000 0.100000
0.055568 0.055892 0.058991 0.377759 0.451789
0.100000 0.050000 0.200000 0.150000 0.500000
0.350000 0.050000 0.000000 0.300000 0.300000
0.200000 0.150000 0.350000 0.150000 0.150000
0.054437 0.053764 0.152845 0.275380 0.463575
0.252976 0.051928 0.111217 0.166657 0.417222
0.400000 0.050000 0.050459 0.202982 0.296560
0.600000 0.100000 0.000000 0.050000 0.250000
0.350000 0.050000 0.100000 0.150000 0.350000
0.150000 0.050000 0.400000 0.200000 0.200000
0.301732 0.052021 0.102771 0.157564 0.385912
0.115158 0.058217 0.059080 0.027302 0.740243
0.204472 0.055366 0.054878 0.476016 0.209268
0.061632 0.004864 0.011995 0.138028 0.783482
