0.304018 0.068019 0.080113 0.149631 0.398218
0.076663 0.041471 0.059180 0.171490 0.651196
0.081592 0.041036 0.168745 0.235332 0.473294
0.192946 0.041857 0.081950 0.135569 0.547679
0.189563 0.038549 0.048635 0.295816 0.427436
0.039893 0.036138 0.053714 0.450270 0.419985
0.094464 0.065985 0.153656 0.236742 0.449153
0.088780 0.051007 0.068266 0.199007 0.592940
0.081135 0.212826 0.234853 0.152887 0.318299
0.039874 0.184741 0.047649 0.417197 0.310540
0.370818 0.102469 0.142706 0.165622 0.218385
0.172625 0.065724 0.050233 0.139920 0.571497
0.050116 0.042952 0.091494 0.187832 0.627606
0.039339 0.050260 0.180885 0.362361 0.367155
0.190717 0.072781 0.092368 0.135675 0.508459
0.083776 0.060018 0.083070 0.226205 0.546930
0.193253 0.035324 0.038100 0.124578 0.608745
0.415787 0.015475 0.065115 0.122670 0.380953
0.061456 0.042884 0.055504 0.162457 0.677699
0.133091 0.069935 0.280385 0.296871 0.219717
0.112248 0.066456 0.108426 0.183728 0.529143
0.110481 0.054217 0.053444 0.163243 0.618615
0.059528 0.032206 0.061367 0.258732 0.588167
0.184269 0.031727 0.200551 0.336691 0.246761
0.077260 0.049105 0.054016 0.130819 0.688801
0.255356 0.053321 0.210614 0.370509 0.110201
0.119480 0.091025 0.168645 0.290337 0.330513
0.186496 0.173120 0.032932 0.245299 0.362153
0.199137 0.017341 0.041462 0.221432 0.520628
0.086802 0.049776 0.172755 0.193367 0.497300
0.046320 0.036030 0.048930 0.149766 0.718955
0.083883 0.042470 0.042870 0.253580 0.577197
0.069196 0.055279 0.201265 0.372960 0.301300
0.063224 0.040718 0.087122 0.202507 0.606429
0.188898 0.105060 0.088979 0.125675 0.491388
0.217313 0.053712 0.060363 0.155859 0.512752
0.081601 0.176659 0.104268 0.199227 0.438245
0.052409 0.139093 0.196416 0.453838 0.158244
0.073986 0.064254 0.110334 0.170521 0.580905
0.391356 0.174986 0.091367 0.120905 0.221386
0.424603 0.275716 0.031746 0.209287 0.058648
0.089824 0.055629 0.072230 0.178828 0.603489
0.082278 0.057845 0.080266 0.468505 0.311106
0.259293 0.055223 0.068129 0.170987 0.446368
0.110602 0.073281 0.087232 0.225132 0.503753
0.084929 0.059174 0.087194 0.193866 0.574837
0.306949 0.039093 0.086270 0.268580 0.299108
0.065038 0.190937 0.080221 0.150355 0.513449
0.091443 0.074610 0.085970 0.308172 0.439805
0.368611 0.062878 0.218408 0.093289 0.256813
0.111888 0.132379 0.156697 0.190847 0.408189
0.084404 0.129215 0.230941 0.157855 0.397585
0.087851 0.292430 0.052546 0.157796 0.409377
0.082443 0.070337 0.119303 0.239006 0.488911
0.181720 0.230316 0.058873 0.269686 0.259405
0.304646 0.045364 0.037055 0.111921 0.501015
0.086666 0.057196 0.052977 0.263011 0.540149
0.107282 0.066206 0.077862 0.195756 0.552895
0.087301 0.162582 0.067895 0.186896 0.495326
0.207217 0.056295 0.155646 0.258234 0.322607
0.094568 0.105625 0.041520 0.302891 0.455397
0.154589 0.050631 0.078698 0.178740 0.537342
0.067480 0.068274 0.103431 0.349762 0.411053
0.344678 0.062872 0.054840 0.134278 0.403333
0.114405 0.103934 0.148054 0.244521 0.389085
0.049349 0.188683 0.044923 0.256500 0.460545
0.177864 0.028506 0.217607 0.282102 0.293921
0.048561 0.052969 0.078248 0.379828 0.440394
0.152188 0.100211 0.058576 0.305861 0.383164
0.041755 0.040057 0.246083 0.293852 0.378253
0.205224 0.025138 0.046177 0.248176 0.475284
0.100207 0.107639 0.094000 0.227129 0.471026
0.124579 0.097460 0.287148 0.159152 0.331662
0.237871 0.068699 0.135728 0.250971 0.306732
0.262994 0.090012 0.209810 0.109604 0.327580
0.059430 0.042987 0.075199 0.179469 0.642915
0.077412 0.082204 0.067488 0.328204 0.444693
0.688640 0.040134 0.036508 0.067165 0.167554
0.046390 0.026946 0.126638 0.430923 0.369103
0.181621 0.162594 0.089616 0.170283 0.395887
0.097155 0.059395 0.107801 0.231191 0.504458
0.038511 0.190344 0.061990 0.506887 0.202267
0.103249 0.052644 0.196352 0.196184 0.451572
0.091969 0.064107 0.061999 0.227989 0.553936
0.191676 0.067181 0.085297 0.177952 0.477894
0.158050 0.096330 0.298430 0.160543 0.286648
0.140569 0.188344 0.171490 0.226515 0.273081
0.140658 0.088354 0.084649 0.168329 0.518010
0.037232 0.163081 0.094202 0.249198 0.456287
0.053184 0.058751 0.120122 0.363060 0.404882
0.221276 0.229941 0.071668 0.110971 0.366144
0.054119 0.188229 0.087970 0.177175 0.492507
0.074950 0.193429 0.062181 0.159930 0.509510
0.098040 0.069156 0.091925 0.238102 0.502777
0.107657 0.065371 0.033748 0.063055 0.730168
0.034076 0.195253 0.057383 0.131415 0.581873
0.296478 0.021391 0.026350 0.065989 0.589793
0.064276 0.046976 0.048020 0.252998 0.587730
0.080563 0.054050 0.069565 0.223681 0.572141
0.104327 0.057538 0.075128 0.266269 0.496738
0.189923 0.059845 0.098960 0.189993 0.461279
0.082307 0.051776 0.063099 0.300175 0.502643
0.258978 0.064332 0.056044 0.135205 0.485441
0.211301 0.055172 0.080815 0.327255 0.325457
0.022918 0.042300 0.247119 0.329430 0.358234
0.154328 0.044080 0.158244 0.144219 0.499129
0.028783 0.124711 0.088879 0.457621 0.300006
0.077688 0.063869 0.156416 0.171473 0.530555
0.232976 0.065847 0.076548 0.181852 0.442777
0.204972 0.053912 0.138946 0.200548 0.401622
0.301113 0.019868 0.179148 0.215766 0.284105
0.190496 0.062646 0.215676 0.134871 0.396311
0.163900 0.120829 0.130929 0.250581 0.333760
0.084094 0.198725 0.218464 0.144673 0.354045
0.041186 0.039964 0.392995 0.165941 0.359913
0.060693 0.061088 0.070892 0.271509 0.535819
0.207236 0.061918 0.219685 0.326249 0.184912
0.079566 0.041503 0.247796 0.302405 0.328730
0.077829 0.177804 0.129470 0.194134 0.420763
0.034969 0.026549 0.230861 0.235590 0.472031
0.095569 0.251105 0.077190 0.233095 0.343041
0.327339 0.131852 0.061749 0.235570 0.243490
0.185168 0.041354 0.074187 0.184305 0.514986
0.087282 0.078486 0.086104 0.183573 0.564555
0.177530 0.041790 0.241559 0.179277 0.359844
0.109401 0.068443 0.123747 0.237598 0.460810
0.102160 0.088328 0.156963 0.301710 0.350839
0.233059 0.114044 0.176837 0.148225 0.327835
0.144812 0.068055 0.065804 0.280665 0.440665
0.200059 0.131903 0.182894 0.153101 0.332043
0.203886 0.060224 0.185322 0.122946 0.427622
0.074719 0.049916 0.075590 0.198957 0.600818
0.263960 0.100942 0.048400 0.133879 0.452819
0.074177 0.187241 0.050999 0.249110 0.438474
0.063236 0.041822 0.055811 0.156121 0.683010
0.043271 0.033680 0.040139 0.188359 0.694551
0.175775 0.138473 0.037637 0.282228 0.365887
0.041980 0.043992 0.100238 0.362926 0.450863
0.097517 0.203958 0.074758 0.153797 0.469971
0.083668 0.053312 0.055024 0.143649 0.664347
0.076852 0.062008 0.051976 0.115160 0.694004
0.033182 0.018829 0.045485 0.395748 0.506755
0.303503 0.034176 0.045085 0.087724 0.529512
0.397186 0.098634 0.101563 0.134694 0.267922
0.079686 0.080289 0.195145 0.271338 0.373542
0.049860 0.362316 0.093983 0.315416 0.178426
0.097225 0.055064 0.071870 0.184395 0.591446
0.060637 0.192990 0.049949 0.295317 0.401106
0.055335 0.049417 0.332346 0.292134 0.270768
0.098675 0.075931 0.067405 0.146146 0.611842
0.083708 0.063890 0.070806 0.172547 0.609049
0.209738 0.051945 0.241397 0.151993 0.344927
0.107203 0.374400 0.249445 0.163347 0.105605
0.030620 0.038815 0.074094 0.249370 0.607101
0.137419 0.329148 0.036768 0.133332 0.363332
0.094478 0.051547 0.059469 0.162621 0.631885
0.077852 0.086485 0.145787 0.327801 0.362076
0.176711 0.108088 0.058237 0.185577 0.471387
0.061770 0.044168 0.054110 0.270877 0.569074
0.054463 0.061689 0.055595 0.352479 0.475774
0.405969 0.136238 0.062654 0.227279 0.167859
0.141295 0.095923 0.097702 0.280502 0.384579
0.085726 0.073339 0.095678 0.316088 0.429168
0.303704 0.077919 0.095242 0.161559 0.361576
0.086353 0.067252 0.074865 0.178508 0.593022
0.063159 0.045848 0.088453 0.305736 0.496803
0.043504 0.043913 0.046804 0.143310 0.722469
0.218638 0.040827 0.193318 0.343666 0.203552
0.048945 0.211459 0.145412 0.342920 0.251264
0.116920 0.083113 0.270598 0.130752 0.398616
0.134042 0.060008 0.049775 0.145715 0.610461
0.556510 0.056332 0.166000 0.040274 0.180885
0.195801 0.163894 0.311464 0.054020 0.274821
0.097035 0.084285 0.125338 0.248047 0.445296
0.105371 0.060868 0.123515 0.180628 0.529617
0.088336 0.080305 0.110375 0.267965 0.453019
0.215111 0.038338 0.050648 0.129054 0.566850
0.041679 0.033124 0.056195 0.147316 0.721686
0.072279 0.063366 0.089333 0.176427 0.598594
0.397049 0.085356 0.049530 0.152463 0.315603
0.046698 0.048785 0.063834 0.220201 0.620482
0.049069 0.047419 0.135763 0.504294 0.263455
0.070751 0.062693 0.095438 0.246467 0.524652
0.068887 0.054240 0.092167 0.294379 0.490326
0.235141 0.060019 0.079059 0.162822 0.462958
0.227505 0.050424 0.106623 0.228517 0.386930
0.097280 0.051535 0.402321 0.162827 0.286038
0.109937 0.074173 0.107458 0.307158 0.401274
0.106212 0.072199 0.086133 0.326960 0.408496
0.209078 0.084719 0.116050 0.235147 0.355007
0.036257 0.046001 0.093755 0.213676 0.610312
0.021560 0.019848 0.169598 0.318601 0.470392
0.102729 0.062059 0.081867 0.231615 0.521730
0.100411 0.060618 0.096624 0.173059 0.569288
0.098011 0.078363 0.084597 0.267368 0.471661
0.488165 0.036883 0.049925 0.104930 0.320098
0.086078 0.051744 0.065880 0.321885 0.474413
0.102994 0.073982 0.089256 0.450246 0.283521
0.066074 0.344788 0.209010 0.095514 0.284615
0.165718 0.037713 0.121311 0.154379 0.520877
0.029910 0.168026 0.344301 0.166320 0.291442
0.118805 0.085543 0.160462 0.309714 0.325476
0.079925 0.048551 0.206900 0.238202 0.426422
0.107282 0.066206 0.077862 0.195756 0.552895
0.067317 0.056913 0.103941 0.520669 0.251160
0.096277 0.057665 0.123510 0.147925 0.574622
0.116755 0.055600 0.070394 0.204285 0.552965
0.211517 0.054228 0.199718 0.256242 0.278294
0.070528 0.043653 0.053003 0.136871 0.695945
0.254908 0.084393 0.211961 0.154089 0.294650
0.299022 0.258270 0.132859 0.101798 0.208052
0.055753 0.043919 0.041407 0.118716 0.740206
0.109874 0.058285 0.130468 0.244262 0.457110
0.061829 0.058299 0.062554 0.264944 0.552374
0.295319 0.253964 0.169584 0.148349 0.132784
0.153483 0.070901 0.058047 0.171252 0.546316
0.170662 0.042787 0.101820 0.276705 0.408026
0.301063 0.299095 0.153876 0.175915 0.070051
0.057155 0.029563 0.078103 0.360785 0.474395
0.072388 0.216134 0.250573 0.273154 0.187752
0.070515 0.056827 0.089830 0.194577 0.588252
0.230806 0.058603 0.068581 0.152447 0.489564
0.150433 0.051830 0.060178 0.228742 0.508816
0.204685 0.075974 0.095519 0.215834 0.407988
0.047179 0.192715 0.073234 0.422559 0.264314
0.058398 0.044824 0.073375 0.208361 0.615041
0.070404 0.077450 0.107731 0.276079 0.468336
0.067326 0.059964 0.121064 0.334032 0.417615
0.107282 0.066206 0.077862 0.195756 0.552895
0.046967 0.027107 0.081101 0.302989 0.541835
0.326997 0.037198 0.046763 0.243784 0.345257
0.065455 0.055408 0.132676 0.143630 0.602831
0.077093 0.202682 0.121478 0.255929 0.342817
0.128781 0.195532 0.058409 0.419652 0.197625
0.175490 0.157923 0.045252 0.239423 0.381912
0.053681 0.050107 0.063264 0.165417 0.667531
0.065003 0.054960 0.052095 0.158113 0.669828
0.192333 0.036765 0.171471 0.314533 0.284897
0.020876 0.159690 0.023605 0.056351 0.739478
0.089257 0.068233 0.128875 0.350325 0.363310
0.192318 0.029769 0.035791 0.240284 0.501838
0.034771 0.027171 0.065393 0.286539 0.586125
0.123226 0.066459 0.106670 0.284035 0.419610
0.088457 0.080427 0.087515 0.210334 0.533268
0.213512 0.090653 0.098693 0.161234 0.435908
0.196595 0.071543 0.173782 0.177071 0.381008
0.200321 0.036503 0.049432 0.263983 0.449762
0.074262 0.037599 0.221413 0.332362 0.334364
0.166270 0.107306 0.050877 0.093395 0.582153
0.102825 0.203094 0.091411 0.228160 0.374511
0.209100 0.032200 0.177571 0.209351 0.371777
0.112636 0.074735 0.096193 0.190722 0.525714
0.209759 0.063882 0.057210 0.131978 0.537171
0.224144 0.069911 0.092361 0.205941 0.407644
0.107282 0.066206 0.077862 0.195756 0.552895
0.085789 0.064112 0.109219 0.260121 0.480758
0.107282 0.066206 0.077862 0.195756 0.552895
0.062337 0.058307 0.102432 0.283461 0.493463
0.060046 0.035308 0.250725 0.345063 0.308858
0.091326 0.226571 0.109331 0.254677 0.318095
0.091269 0.053814 0.062547 0.154517 0.637853
0.100920 0.058036 0.188791 0.188134 0.464119
0.213234 0.088370 0.075286 0.156652 0.466457
0.126360 0.182025 0.236225 0.176883 0.278507
0.090687 0.069017 0.083131 0.219344 0.537821
0.078477 0.072936 0.135903 0.365776 0.346908
0.077569 0.102401 0.100293 0.466969 0.252767
0.106650 0.049551 0.063555 0.212568 0.567676
0.087485 0.054723 0.068993 0.171683 0.617117
0.048004 0.177214 0.046935 0.193801 0.534045
0.104664 0.059478 0.211191 0.336795 0.287872
0.058929 0.039150 0.046497 0.118151 0.737272
0.226871 0.095707 0.184382 0.356420 0.136620
0.203555 0.301168 0.055739 0.115617 0.323921
0.148069 0.057918 0.207943 0.158843 0.427226
0.087459 0.072708 0.074951 0.273530 0.491351
0.068049 0.047513 0.134387 0.365886 0.384165
0.116960 0.093645 0.187167 0.288846 0.313382
0.205302 0.073629 0.198448 0.184056 0.338565
0.111304 0.072118 0.090236 0.178024 0.548319
0.089953 0.050613 0.106369 0.232837 0.520228
0.078964 0.043920 0.132255 0.254233 0.490628
0.361640 0.039622 0.031564 0.165635 0.401539
0.355304 0.047810 0.186225 0.233817 0.176843
0.130917 0.055022 0.077557 0.150375 0.586129
0.110450 0.226128 0.090321 0.170462 0.402639
0.069503 0.051469 0.201667 0.159723 0.517638
0.075474 0.058040 0.090603 0.189322 0.586561
0.028509 0.028739 0.032838 0.136739 0.773176
0.057455 0.039433 0.202996 0.183649 0.516467
0.107726 0.083514 0.101347 0.188099 0.519314
0.043259 0.076408 0.183564 0.266070 0.430699
0.032692 0.165083 0.073506 0.178488 0.550231
0.100610 0.069165 0.093758 0.191615 0.544851
0.236040 0.056651 0.065743 0.165810 0.475756
0.061565 0.053435 0.084626 0.284434 0.515940
0.047682 0.036129 0.044280 0.128958 0.742950
0.050724 0.040089 0.097611 0.230137 0.581439
0.209305 0.075214 0.078237 0.322692 0.314553
0.035801 0.048875 0.294994 0.124694 0.495636
0.036120 0.214381 0.207832 0.434298 0.107370
0.079395 0.046768 0.214148 0.272532 0.387158
0.164415 0.167440 0.056244 0.086908 0.524993
0.408431 0.033811 0.206747 0.089393 0.261619
0.072587 0.083088 0.228980 0.143727 0.471618
0.103234 0.063468 0.081571 0.162289 0.589438
0.065620 0.046924 0.060938 0.137381 0.689136
0.079360 0.081681 0.159348 0.198034 0.481577
0.184673 0.039220 0.224182 0.161089 0.390836
0.052797 0.043347 0.232408 0.236698 0.434750
0.058709 0.046911 0.054207 0.143313 0.696861
0.047330 0.060009 0.059953 0.169518 0.663190
0.068540 0.061505 0.082623 0.262084 0.525248
0.086250 0.069396 0.116843 0.248140 0.479372
0.145914 0.025029 0.232983 0.219369 0.376704
0.227641 0.056566 0.075871 0.180490 0.459432
0.191286 0.044513 0.076674 0.300306 0.387220
0.246913 0.039581 0.243552 0.136282 0.333672
0.097994 0.069184 0.080109 0.144216 0.608497
0.050666 0.064343 0.116073 0.122727 0.646191
0.091497 0.102135 0.113060 0.167851 0.525458
0.041510 0.186519 0.036260 0.254518 0.481193
0.096007 0.055897 0.090411 0.144511 0.613174
0.098641 0.063144 0.076245 0.171901 0.590069
0.118645 0.100520 0.080927 0.333352 0.366556
0.120630 0.187785 0.054821 0.261826 0.374939
0.193401 0.030288 0.229267 0.307964 0.239080
0.172830 0.075266 0.408607 0.125528 0.217769
0.165261 0.111634 0.115719 0.196041 0.411345
0.266933 0.124474 0.169984 0.073902 0.364708
0.188498 0.045730 0.053353 0.121730 0.590689
0.110648 0.153564 0.147225 0.176061 0.412502
0.086879 0.065008 0.124678 0.274397 0.449038
0.078312 0.050773 0.061960 0.295212 0.513743
0.118774 0.289618 0.057775 0.143799 0.390034
0.102925 0.209129 0.127195 0.291929 0.268821
0.081480 0.055352 0.062949 0.443211 0.357008
0.072324 0.079399 0.135786 0.267245 0.445246
0.095652 0.082458 0.081540 0.198849 0.541501
0.078348 0.062306 0.115986 0.309327 0.434033
0.094191 0.080691 0.114820 0.282171 0.428126
0.103607 0.084721 0.114600 0.292468 0.404604
0.173369 0.169816 0.125536 0.051454 0.479825
0.151642 0.235825 0.088824 0.187082 0.336626
0.094517 0.060012 0.078911 0.192517 0.574043
0.076576 0.076051 0.143253 0.304505 0.399616
0.042496 0.047505 0.171913 0.381837 0.356249
0.081936 0.065201 0.074903 0.283694 0.494266
0.109578 0.077869 0.099795 0.260440 0.452318
0.107282 0.066206 0.077862 0.195756 0.552895
0.170409 0.052340 0.076203 0.127595 0.573453
0.097411 0.372367 0.101114 0.201464 0.227644
0.057243 0.185441 0.163497 0.086834 0.506985
0.080635 0.050344 0.062519 0.139034 0.667468
0.056035 0.056087 0.100806 0.274368 0.512704
0.061677 0.047894 0.070649 0.455802 0.363979
0.049085 0.050753 0.083094 0.430725 0.386344
0.055804 0.033830 0.151383 0.250075 0.508908
0.062932 0.040789 0.155981 0.462842 0.277456
0.075098 0.060850 0.064289 0.326599 0.473165
0.078323 0.056661 0.083684 0.319576 0.461756
0.206041 0.080417 0.086977 0.306190 0.320374
0.240920 0.051295 0.040883 0.254091 0.412811
0.228212 0.061741 0.073035 0.316804 0.320208
0.037608 0.030433 0.061366 0.306154 0.564438
0.183946 0.084750 0.021880 0.272587 0.436837
0.099663 0.025863 0.163938 0.580104 0.130432
0.094468 0.066942 0.381627 0.198354 0.258610
0.181957 0.024140 0.180728 0.374106 0.239069
0.200743 0.070725 0.080720 0.215008 0.432804
0.202632 0.044191 0.072610 0.240813 0.439754
0.070151 0.038396 0.067944 0.235920 0.587589
0.155041 0.054730 0.089612 0.248482 0.452135
0.058151 0.038619 0.065544 0.351716 0.485969
0.429686 0.046734 0.059507 0.101180 0.362893
0.090410 0.054770 0.065397 0.159246 0.630177
0.213908 0.052305 0.342706 0.205367 0.185714
0.072021 0.045500 0.081433 0.268678 0.532368
0.069433 0.063536 0.060326 0.170510 0.636195
0.066335 0.087159 0.050713 0.288969 0.506824
0.168933 0.322560 0.063190 0.236607 0.208710
0.093490 0.137154 0.197357 0.317973 0.254026
0.213229 0.076519 0.232007 0.132544 0.345701
0.229643 0.079345 0.113656 0.153072 0.424284
0.068666 0.046010 0.089464 0.350242 0.445618
0.089164 0.055946 0.086113 0.206137 0.562639
0.088462 0.059849 0.088071 0.196396 0.567222
0.079270 0.115931 0.123864 0.300170 0.380765
0.143933 0.056740 0.086883 0.198305 0.514140
0.095522 0.057556 0.211838 0.172955 0.462128
0.171282 0.030356 0.206938 0.158016 0.433408
0.095676 0.057409 0.072207 0.223959 0.550749
0.075693 0.222854 0.060218 0.173709 0.467526
0.056242 0.044813 0.222767 0.138156 0.538023
0.224521 0.043208 0.052888 0.139137 0.540245
0.261047 0.047278 0.063637 0.128579 0.499459
0.076598 0.057327 0.112087 0.197324 0.556664
0.079348 0.064148 0.104172 0.273856 0.478476
0.120110 0.055926 0.080730 0.186382 0.556852
0.055658 0.059171 0.126254 0.263892 0.495025
0.070052 0.057737 0.126182 0.262910 0.483120
0.089907 0.039923 0.037022 0.122507 0.710640
0.379712 0.067528 0.035270 0.245791 0.271699
0.160594 0.058117 0.121201 0.242795 0.417293
0.077759 0.062025 0.107832 0.234090 0.518293
0.101823 0.067726 0.075230 0.192513 0.562708
0.176980 0.034720 0.062343 0.137575 0.588383
0.231717 0.042158 0.108959 0.160069 0.457097
0.101724 0.061538 0.086837 0.195621 0.554280
0.165211 0.038516 0.370786 0.173793 0.251694
0.043958 0.034861 0.051264 0.416852 0.453065
0.046303 0.042181 0.072738 0.451516 0.387262
0.075945 0.051149 0.068968 0.171951 0.631988
0.069367 0.045851 0.067486 0.176862 0.640434
0.207902 0.040559 0.071494 0.169766 0.510278
0.039484 0.219659 0.079373 0.294829 0.366655
0.199934 0.033851 0.040182 0.170889 0.555145
0.332234 0.022879 0.298335 0.164087 0.182465
0.104717 0.080053 0.099897 0.369794 0.345540
0.075365 0.175818 0.060381 0.357199 0.331237
0.179676 0.102834 0.043461 0.264004 0.410025
0.223959 0.043356 0.054179 0.317982 0.360524
0.107292 0.078717 0.071324 0.171986 0.570681
0.037883 0.064777 0.043907 0.268317 0.585116
0.107282 0.066206 0.077862 0.195756 0.552895
0.214236 0.093640 0.088911 0.321795 0.281419
0.111511 0.083823 0.084141 0.177302 0.543223
0.049964 0.053572 0.099160 0.250874 0.546429
0.204400 0.202639 0.071402 0.153716 0.367844
0.040337 0.036328 0.055362 0.335155 0.532819
0.204450 0.036136 0.228604 0.266730 0.264080
0.133112 0.101907 0.096003 0.208197 0.460780
0.049894 0.060217 0.265817 0.286037 0.338036
0.077103 0.048408 0.063030 0.158734 0.652725
0.102768 0.043519 0.042449 0.261264 0.550000
0.240083 0.045556 0.069100 0.087937 0.557325
0.072111 0.219606 0.117301 0.234612 0.356370
0.117022 0.065160 0.075191 0.177955 0.564672
0.103899 0.094982 0.123979 0.383729 0.293411
0.107282 0.066206 0.077862 0.195756 0.552895
0.075372 0.044426 0.103319 0.148743 0.628140
0.207760 0.052434 0.068038 0.181804 0.489964
0.851596 0.013596 0.017553 0.031656 0.085599
0.116061 0.079774 0.097733 0.227651 0.478780
0.098495 0.058782 0.113285 0.266343 0.463096
0.342369 0.065692 0.034660 0.088584 0.468696
0.060249 0.057609 0.136151 0.195404 0.550587
0.107282 0.066206 0.077862 0.195756 0.552895
0.122890 0.083592 0.083286 0.275381 0.434850
0.062719 0.040287 0.061002 0.162452 0.673540
0.066905 0.204831 0.117217 0.229770 0.381278
0.112255 0.078236 0.088655 0.213071 0.507784
0.148911 0.076671 0.228244 0.155802 0.390373
0.043039 0.049882 0.158497 0.342023 0.406558
0.051306 0.072538 0.169810 0.450752 0.255593
0.073897 0.051676 0.066518 0.190683 0.617226
0.101851 0.116858 0.277156 0.191047 0.313087
0.063151 0.046974 0.060806 0.163419 0.665650
0.231770 0.049665 0.114384 0.313799 0.290381
0.232779 0.049775 0.055076 0.141157 0.521212
0.126740 0.071045 0.059920 0.158061 0.584234
0.193559 0.034067 0.045843 0.200546 0.525984
0.178625 0.077204 0.099516 0.193631 0.451024
0.057747 0.048272 0.065666 0.192382 0.635933
0.082596 0.038714 0.037929 0.258473 0.582288
0.226903 0.075780 0.065937 0.256999 0.374381
0.092565 0.056003 0.066203 0.300633 0.484596
0.077562 0.057806 0.191757 0.222380 0.450494
0.190815 0.175463 0.061675 0.097948 0.474098
0.226106 0.203531 0.124250 0.155817 0.290295
0.133640 0.122355 0.112438 0.138101 0.493465
0.113834 0.205708 0.073818 0.174672 0.431969
0.085145 0.049039 0.062277 0.148552 0.654988
0.166673 0.063845 0.074109 0.153356 0.542017
0.101026 0.143030 0.131289 0.171832 0.452823
0.081798 0.089209 0.061595 0.134224 0.633174
0.090870 0.066402 0.066893 0.191893 0.583942
0.278422 0.017897 0.029384 0.090337 0.583960
0.208708 0.033994 0.200217 0.109264 0.447816
0.118151 0.069915 0.076554 0.175716 0.559665
0.162498 0.083335 0.092185 0.191722 0.470261
0.102415 0.072453 0.088656 0.178056 0.558419
0.084434 0.055396 0.076128 0.187007 0.597035
0.233510 0.076050 0.073119 0.128755 0.488565
0.206795 0.043580 0.089178 0.256845 0.403602
0.045809 0.149826 0.199371 0.395839 0.209155
0.041062 0.036179 0.106437 0.380446 0.435875
0.195224 0.042191 0.103354 0.241316 0.417916
0.090330 0.194307 0.063425 0.152480 0.499457
0.234576 0.075024 0.201978 0.123925 0.364498
0.072347 0.053651 0.172288 0.437854 0.263861
0.240755 0.190613 0.098977 0.234022 0.235632
0.050718 0.069638 0.070886 0.325262 0.483496
0.046442 0.041829 0.072503 0.148775 0.690452
0.219134 0.084561 0.093878 0.144605 0.457822
0.115153 0.085298 0.079825 0.268154 0.451570
0.083606 0.053354 0.071702 0.167589 0.623748
0.080326 0.060796 0.083092 0.231184 0.544602
0.169739 0.088364 0.061989 0.337693 0.342214
0.088827 0.058957 0.073879 0.178576 0.599761
0.080601 0.079000 0.106822 0.326319 0.407258
0.107301 0.097254 0.157193 0.298121 0.340131
0.047796 0.172183 0.057061 0.449742 0.273218
0.106805 0.044764 0.094120 0.158491 0.595819
0.065613 0.043070 0.117101 0.319615 0.454601
0.051210 0.034492 0.044070 0.261783 0.608444
0.093972 0.147462 0.078127 0.188224 0.492215
0.263896 0.083170 0.051193 0.230365 0.371375
0.065421 0.196052 0.201808 0.287155 0.249565
0.074770 0.057028 0.086949 0.223752 0.557500
0.141470 0.178352 0.139162 0.270476 0.270540
0.093557 0.071049 0.083083 0.309515 0.442796
0.104735 0.064920 0.076150 0.276346 0.477849
0.261556 0.308939 0.045746 0.088569 0.295190
0.073611 0.050560 0.259514 0.188684 0.427630
0.099902 0.050657 0.089505 0.224543 0.535393
0.206141 0.042290 0.220600 0.195769 0.335199
0.378445 0.104272 0.062441 0.143149 0.311693
0.094738 0.069981 0.079736 0.175334 0.580212
0.025540 0.053728 0.271297 0.432320 0.217115
0.079325 0.042302 0.049650 0.274849 0.553874
0.093548 0.116882 0.172450 0.205309 0.411811
0.092462 0.052951 0.078060 0.221243 0.555283
0.092486 0.057846 0.211106 0.169843 0.468718
0.240847 0.076956 0.074025 0.185453 0.422720
0.044472 0.131784 0.144345 0.405223 0.274176
0.074478 0.040491 0.318178 0.086476 0.480378
0.235469 0.087542 0.183446 0.207450 0.286093
0.054437 0.050386 0.096005 0.420285 0.378887
0.111848 0.064037 0.183550 0.164085 0.476481
0.027553 0.321067 0.121365 0.203321 0.326694
0.089353 0.063737 0.072727 0.193021 0.581162
0.151221 0.180708 0.018803 0.189560 0.459707
0.039483 0.186803 0.072125 0.184531 0.517057
0.047767 0.060858 0.135695 0.415391 0.340289
0.200430 0.047495 0.057961 0.178470 0.515644
0.077501 0.048013 0.342155 0.131391 0.400939
0.385068 0.058317 0.103066 0.192715 0.260834
0.114506 0.082058 0.090714 0.333254 0.379468
0.242896 0.071716 0.081897 0.276424 0.327067
0.063368 0.055848 0.066046 0.216554 0.598184
0.214772 0.040175 0.071016 0.149968 0.524070
0.090144 0.060584 0.080200 0.193927 0.575145
0.066579 0.053603 0.214825 0.164608 0.500385
0.366321 0.058634 0.112050 0.135155 0.327840
0.047410 0.066112 0.071405 0.436250 0.378822
0.074980 0.068238 0.105610 0.258166 0.493006
0.145596 0.068227 0.059957 0.117597 0.608623
0.063195 0.043928 0.101565 0.145989 0.645324
0.068861 0.049021 0.064143 0.145499 0.672476
0.105516 0.070707 0.079781 0.191867 0.552130
0.062210 0.060782 0.079305 0.272211 0.525493
0.055732 0.047899 0.085385 0.276144 0.534839
0.038630 0.036322 0.049147 0.162955 0.712945
0.042277 0.234954 0.047435 0.160494 0.514839
0.090947 0.052083 0.074284 0.316118 0.466568
0.083618 0.082905 0.091343 0.205149 0.536986
0.269303 0.053942 0.195290 0.122585 0.358880
0.200630 0.031450 0.217777 0.081220 0.468923
0.168602 0.144006 0.074290 0.376107 0.236995
0.182321 0.033784 0.047166 0.315174 0.421556
0.053850 0.056276 0.055500 0.408610 0.425763
0.088692 0.301359 0.307821 0.051542 0.250586
0.112255 0.078236 0.088655 0.213071 0.507784
0.212482 0.051712 0.069396 0.367984 0.298427
0.366575 0.062406 0.055773 0.141629 0.373617
0.443404 0.051787 0.051405 0.186919 0.266485
0.310751 0.156112 0.008837 0.188513 0.335788
0.094005 0.058007 0.092318 0.205562 0.550109
0.060530 0.045335 0.054285 0.212717 0.627133
0.097234 0.035875 0.188997 0.119242 0.558652
0.051030 0.039733 0.097799 0.194175 0.617263
0.145479 0.222915 0.033104 0.253163 0.345339
0.082210 0.051238 0.227817 0.218323 0.420411
0.043431 0.047176 0.344254 0.177147 0.387992
0.218259 0.222367 0.211496 0.217952 0.129927
0.097836 0.063056 0.089770 0.186450 0.562888
0.053598 0.042574 0.075859 0.211747 0.616222
0.220661 0.070197 0.069597 0.179014 0.460531
0.072878 0.037305 0.061449 0.184466 0.643902
0.068637 0.057150 0.102445 0.261247 0.510520
0.232079 0.072170 0.074008 0.193462 0.428281
0.095526 0.064255 0.101193 0.379910 0.359117
0.207940 0.128536 0.106554 0.198236 0.358734
0.233472 0.052892 0.125767 0.367797 0.220072
0.050620 0.045133 0.223196 0.287365 0.393685
0.066896 0.044250 0.230182 0.348681 0.309991
0.027179 0.171742 0.372080 0.137835 0.291164
0.346624 0.060623 0.076788 0.136523 0.379443
0.071237 0.060608 0.065313 0.186789 0.616053
0.097660 0.063685 0.069796 0.190803 0.578056
0.053080 0.060630 0.132127 0.392185 0.361977
0.052190 0.035794 0.039252 0.119768 0.752996
0.036040 0.031375 0.044326 0.158752 0.729507
0.085229 0.105938 0.081488 0.191567 0.535778
0.102816 0.228886 0.151781 0.197905 0.318612
0.076472 0.066296 0.070890 0.186255 0.600088
0.227460 0.080130 0.083976 0.178655 0.429779
0.092816 0.062697 0.074940 0.188811 0.580736
0.164936 0.012887 0.039572 0.359384 0.423220
0.074628 0.049572 0.064028 0.287375 0.524398
0.347617 0.038180 0.047537 0.112267 0.454399
0.088179 0.073828 0.277195 0.183922 0.376876
0.044934 0.326914 0.061310 0.185178 0.381664
0.031080 0.186286 0.082473 0.137014 0.563147
0.085797 0.056197 0.075577 0.176963 0.605466
0.384726 0.057815 0.048959 0.253904 0.254597
0.126017 0.046265 0.173962 0.239201 0.414555
0.024523 0.021406 0.182599 0.100032 0.671441
0.219370 0.041877 0.063267 0.083617 0.591869
0.229533 0.373512 0.131139 0.092747 0.173069
0.074543 0.072605 0.132907 0.342254 0.377691
0.051989 0.044355 0.054144 0.219665 0.629846
0.118709 0.052130 0.220052 0.118006 0.491103
0.098900 0.063515 0.072582 0.161133 0.603869
0.120338 0.082184 0.080231 0.192996 0.524252
0.099120 0.061892 0.049266 0.115271 0.674452
0.096328 0.041746 0.044200 0.219267 0.598459
0.046475 0.022799 0.046990 0.356266 0.527470
0.060337 0.108100 0.314989 0.250491 0.266084
0.062812 0.188632 0.058777 0.139561 0.550218
0.086144 0.095814 0.247352 0.272229 0.298461
0.062499 0.052245 0.131947 0.237438 0.515871
0.481013 0.068134 0.064182 0.115987 0.270685
0.177767 0.060465 0.043905 0.456232 0.261631
0.063067 0.056110 0.116967 0.131095 0.632762
0.257431 0.114332 0.119621 0.251627 0.256990
0.088273 0.120668 0.264729 0.147300 0.379031
0.213137 0.077108 0.297813 0.279866 0.132076
0.185264 0.113446 0.091742 0.205910 0.403638
0.036543 0.030058 0.181515 0.108132 0.643752
0.115355 0.126719 0.349982 0.118680 0.289265
0.067424 0.072689 0.138507 0.480660 0.240720
0.057638 0.037802 0.105986 0.312420 0.486155
0.327952 0.031093 0.326346 0.084147 0.230462
0.028698 0.194005 0.066041 0.377886 0.333369
0.043815 0.034224 0.063841 0.184862 0.673258
0.131714 0.085824 0.102323 0.192639 0.487499
0.357990 0.035362 0.032757 0.225638 0.348253
0.117648 0.088885 0.084286 0.216391 0.492791
0.303301 0.028431 0.094023 0.179828 0.394417
0.091108 0.066570 0.212121 0.348860 0.281339
0.272351 0.188037 0.050656 0.097379 0.391578
0.053141 0.038275 0.106931 0.309227 0.492426
0.164440 0.078647 0.075306 0.211070 0.470538
0.497222 0.048413 0.183730 0.234524 0.036111
0.331599 0.085799 0.070782 0.227241 0.284580
0.194546 0.194898 0.044654 0.113707 0.452195
0.077843 0.082039 0.136815 0.240337 0.462966
0.222976 0.111740 0.080128 0.142115 0.443041
0.110164 0.106479 0.068933 0.154294 0.560130
0.108734 0.061557 0.086173 0.234475 0.509060
0.068801 0.067260 0.065312 0.208238 0.590389
0.045857 0.050375 0.049331 0.306336 0.548100
0.079994 0.061527 0.064249 0.183401 0.610829
0.009661 0.060634 0.060349 0.393584 0.475772
0.053628 0.057332 0.196027 0.348088 0.344925
0.066817 0.048086 0.066342 0.142974 0.675781
0.134543 0.023542 0.058872 0.293069 0.489973
0.032251 0.026793 0.289831 0.370125 0.281000
0.109621 0.067111 0.081100 0.202902 0.539266
0.246209 0.064642 0.099197 0.144000 0.445951
0.077501 0.050989 0.061401 0.202820 0.607288
0.097604 0.048367 0.131679 0.186124 0.536226
0.020113 0.335278 0.038828 0.413433 0.192348
0.079598 0.052150 0.071236 0.168202 0.628814
0.101710 0.096346 0.090680 0.231862 0.479402
0.107282 0.066206 0.077862 0.195756 0.552895
0.240128 0.038836 0.036534 0.090757 0.593745
0.077911 0.080650 0.135809 0.258408 0.447223
0.104201 0.062485 0.128538 0.210460 0.494316
0.072808 0.060968 0.246031 0.291209 0.328983
0.050636 0.033707 0.041376 0.132184 0.742096
0.100191 0.057735 0.085646 0.203221 0.553206
0.067494 0.353860 0.049525 0.154598 0.374524
0.166506 0.060922 0.057174 0.270741 0.444657
0.110604 0.056267 0.054116 0.147599 0.631414
0.089425 0.077907 0.101232 0.185409 0.546026
0.172681 0.038228 0.045729 0.134433 0.608928
0.058308 0.048725 0.059073 0.176163 0.657730
0.095921 0.066867 0.075509 0.202060 0.559643
0.092139 0.053618 0.061191 0.211031 0.582021
0.238137 0.041034 0.091291 0.214944 0.414595
0.119068 0.078304 0.094379 0.137655 0.570595
0.170770 0.054112 0.103057 0.204223 0.467838
0.313471 0.083503 0.043691 0.113255 0.446081
0.104336 0.050744 0.218417 0.261225 0.365279
0.118942 0.079301 0.103473 0.180697 0.517587
0.074079 0.050061 0.089703 0.227725 0.558432
0.030365 0.031983 0.057020 0.398619 0.482013
0.099936 0.062436 0.111729 0.224481 0.501417
0.332425 0.020517 0.185905 0.199166 0.261988
0.099389 0.072528 0.080109 0.206966 0.541009
0.034073 0.038313 0.074052 0.472103 0.381460
0.189032 0.060578 0.061275 0.167436 0.521679
0.163706 0.032683 0.108654 0.134269 0.560688
0.072990 0.078441 0.144882 0.268653 0.435034
0.050612 0.045246 0.047622 0.177317 0.679204
0.081715 0.062336 0.067771 0.167603 0.620575
0.201548 0.057109 0.092935 0.264659 0.383747
0.161455 0.041526 0.205910 0.110679 0.480430
0.054302 0.212975 0.083046 0.211161 0.438515
0.219753 0.054478 0.059194 0.265836 0.400739
0.063552 0.044566 0.073739 0.234213 0.583931
0.043087 0.032966 0.074798 0.170705 0.678443
0.107810 0.074212 0.055469 0.349885 0.412623
0.089353 0.063737 0.072727 0.193021 0.581162
0.148275 0.057651 0.040632 0.123347 0.630095
0.086498 0.042727 0.058746 0.143564 0.668465
0.072498 0.049483 0.110319 0.182672 0.585029
0.113049 0.112178 0.134283 0.308803 0.331687
0.134446 0.111723 0.108736 0.306531 0.338563
0.062311 0.052281 0.112510 0.383750 0.389148
0.121151 0.098729 0.098145 0.209786 0.472188
0.106527 0.045977 0.031734 0.125107 0.690656
0.088983 0.066543 0.068896 0.245121 0.530457
0.352226 0.024569 0.029892 0.148797 0.444517
0.217266 0.102416 0.081459 0.173145 0.425714
0.201917 0.046098 0.188471 0.238841 0.324673
0.087454 0.032512 0.173360 0.281108 0.425566
0.092764 0.076088 0.116668 0.273693 0.440785
0.102109 0.211662 0.080846 0.173235 0.432149
0.182856 0.065682 0.062833 0.155099 0.533530
0.139562 0.055174 0.122616 0.270228 0.412420
0.337842 0.042753 0.049614 0.112729 0.457062
0.125698 0.208374 0.299967 0.252541 0.113419
0.062119 0.061320 0.180557 0.194756 0.501248
0.196992 0.043965 0.205784 0.184382 0.368877
0.082061 0.066206 0.101553 0.159562 0.590619
0.284982 0.066908 0.052570 0.220105 0.375435
0.023395 0.053501 0.186082 0.514043 0.222980
0.080515 0.051912 0.212016 0.169585 0.485972
0.033229 0.027480 0.221074 0.261589 0.456629
0.094842 0.064119 0.091131 0.209173 0.540736
0.221709 0.023953 0.169179 0.234520 0.350638
0.190099 0.075344 0.193299 0.092555 0.448704
0.095349 0.064143 0.071424 0.166530 0.602554
0.037781 0.058403 0.089978 0.501129 0.312710
0.109661 0.101705 0.119970 0.341484 0.327180
0.154782 0.062713 0.339795 0.225295 0.217414
0.079603 0.096127 0.132021 0.328636 0.363613
0.098950 0.088195 0.071066 0.172001 0.569788
0.055882 0.039729 0.213632 0.339874 0.350883
0.138677 0.047858 0.040022 0.289649 0.483793
0.110065 0.063169 0.100255 0.199705 0.526807
0.051341 0.031659 0.044397 0.255859 0.616744
0.058792 0.035409 0.262476 0.307300 0.336023
0.075765 0.059218 0.095954 0.213209 0.555854
0.081219 0.086387 0.075201 0.181582 0.575611
0.071867 0.053058 0.107527 0.298869 0.468679
0.049708 0.067964 0.115330 0.324317 0.442682
0.149142 0.073524 0.077198 0.244906 0.455230
0.171913 0.027487 0.017283 0.057545 0.725771
0.119250 0.040247 0.215286 0.170394 0.454823
0.174620 0.077613 0.081344 0.189653 0.476770
0.172215 0.079658 0.184723 0.262215 0.301190
0.096464 0.082068 0.116609 0.249330 0.455529
0.075145 0.050502 0.212101 0.160594 0.501659
0.080256 0.067025 0.134451 0.305340 0.412929
0.044979 0.037863 0.035748 0.119470 0.761940
0.107282 0.066206 0.077862 0.195756 0.552895
0.208599 0.043345 0.050312 0.412367 0.285377
0.374171 0.169019 0.063074 0.080671 0.313065
0.056353 0.128826 0.060131 0.162788 0.591903
0.059694 0.043516 0.130808 0.223989 0.541993
0.083663 0.062454 0.057801 0.155559 0.640524
0.172602 0.048743 0.063033 0.437739 0.277883
0.044739 0.047491 0.280444 0.271706 0.355621
0.022701 0.610056 0.080034 0.147449 0.139760
0.107919 0.037921 0.097592 0.118806 0.637762
0.133842 0.101364 0.106034 0.218162 0.440598
0.191748 0.044867 0.093581 0.189099 0.480704
0.080987 0.082627 0.080518 0.266730 0.489138
0.238571 0.087529 0.102007 0.301833 0.270060
0.076520 0.130303 0.208519 0.160408 0.424251
0.158531 0.104464 0.075467 0.320725 0.340813
0.006568 0.009852 0.505473 0.260719 0.217387
0.075010 0.064646 0.065344 0.230381 0.564619
0.026791 0.154321 0.126426 0.227217 0.465245
0.103545 0.045320 0.089718 0.445060 0.316358
0.122361 0.052512 0.157611 0.405491 0.262026
0.091601 0.200425 0.068560 0.161338 0.478077
0.078194 0.072749 0.178393 0.294678 0.375986
0.065896 0.069657 0.115360 0.352875 0.396212
0.029717 0.023005 0.028290 0.077348 0.841640
0.157750 0.086668 0.089494 0.111496 0.554592
0.077263 0.045023 0.058850 0.147368 0.671497
0.117601 0.064321 0.099519 0.360304 0.358256
0.051599 0.047526 0.095132 0.213659 0.592084
0.243107 0.051560 0.187764 0.114602 0.402966
0.065268 0.040040 0.049187 0.233534 0.611971
0.049623 0.119749 0.237671 0.358610 0.234348
0.174418 0.052266 0.064661 0.163820 0.544834
0.039676 0.025678 0.044985 0.225413 0.664247
0.108899 0.181499 0.138380 0.210802 0.360420
0.094588 0.081282 0.092935 0.469192 0.262003
0.085436 0.078147 0.170447 0.254131 0.411840
0.057417 0.046706 0.100417 0.227336 0.568124
0.162654 0.154340 0.008869 0.166931 0.507206
0.057568 0.045524 0.195394 0.149806 0.551707
0.080674 0.051979 0.084459 0.233734 0.549153
0.054217 0.130652 0.053273 0.416692 0.345167
0.185592 0.047835 0.204515 0.278330 0.283727
0.117480 0.212318 0.057555 0.286775 0.325872
0.224363 0.060935 0.070971 0.168576 0.475156
0.043939 0.194453 0.100770 0.322707 0.338131
0.335912 0.039935 0.048065 0.172626 0.403462
0.085188 0.045202 0.120025 0.339617 0.409968
0.046872 0.031810 0.079709 0.446541 0.395068
0.047464 0.037395 0.049729 0.404126 0.461286
0.202926 0.228934 0.104674 0.189206 0.274260
0.230080 0.215179 0.214448 0.118721 0.221573
0.025641 0.021978 0.176210 0.315356 0.460816
0.056993 0.060664 0.094131 0.273896 0.514316
0.090346 0.062152 0.088583 0.209090 0.549828
0.339318 0.058869 0.089636 0.173464 0.338714
0.138354 0.109123 0.116918 0.244138 0.391466
0.084621 0.061165 0.213490 0.154202 0.486523
0.200675 0.040428 0.042130 0.433770 0.282997
0.072004 0.036492 0.042796 0.110904 0.737804
0.050527 0.055971 0.160164 0.292513 0.440824
0.096850 0.068991 0.289929 0.209815 0.334414
0.079263 0.065148 0.127100 0.369839 0.358649
0.157945 0.052057 0.429047 0.220034 0.140917
0.111564 0.058666 0.064689 0.175435 0.589645
0.129842 0.078779 0.070085 0.160881 0.560413
0.096807 0.222585 0.132263 0.160177 0.388168
0.075010 0.050877 0.128166 0.267386 0.478561
0.040455 0.046575 0.205775 0.451335 0.255859
0.043537 0.064735 0.100999 0.385643 0.405086
0.206165 0.076452 0.088757 0.199132 0.429494
0.069322 0.076944 0.077578 0.181816 0.594341
0.073683 0.062530 0.227960 0.204333 0.431494
0.079412 0.054033 0.204490 0.150716 0.511348
0.102858 0.061643 0.092329 0.196600 0.546570
0.172031 0.163110 0.211496 0.206584 0.246779
0.180566 0.086370 0.104034 0.351104 0.277926
0.047585 0.036079 0.036054 0.261294 0.618988
0.556281 0.060666 0.068734 0.099886 0.214433
0.042173 0.183245 0.090452 0.320940 0.363190
0.070363 0.049464 0.082428 0.230120 0.567626
0.190807 0.064708 0.073068 0.233770 0.437647
0.300115 0.086450 0.101021 0.186513 0.325901
0.017517 0.061611 0.233536 0.412511 0.274825
0.026008 0.023562 0.037795 0.364459 0.548177
0.077670 0.042838 0.039688 0.113751 0.726052
0.117022 0.065160 0.075191 0.177955 0.564672
0.056490 0.180359 0.060549 0.101428 0.601174
0.152546 0.073126 0.079139 0.189036 0.506154
0.084825 0.068812 0.096032 0.302960 0.447370
0.068817 0.064131 0.169162 0.221338 0.476552
0.335961 0.235961 0.043103 0.040640 0.344335
0.063827 0.084745 0.168268 0.296018 0.387142
0.375665 0.082955 0.159718 0.157379 0.224283
0.445914 0.042637 0.063588 0.185564 0.262297
0.212377 0.040325 0.067094 0.193863 0.486341
0.154723 0.062829 0.080210 0.281016 0.421223
0.041685 0.058935 0.095609 0.454691 0.349080
0.090849 0.177650 0.048030 0.143609 0.539862
0.053476 0.046892 0.222618 0.204578 0.472436
0.110750 0.071866 0.082462 0.200662 0.534260
0.330693 0.209492 0.047372 0.093794 0.318649
0.110871 0.089065 0.109020 0.168073 0.522971
0.088510 0.066771 0.076662 0.220687 0.547369
0.033639 0.073748 0.054617 0.194587 0.643410
0.092486 0.057846 0.087296 0.274605 0.487766
0.060442 0.059017 0.110492 0.444476 0.325573
0.047047 0.049617 0.109718 0.277657 0.515960
0.067597 0.055330 0.081826 0.359710 0.435537
0.101701 0.037422 0.073084 0.420057 0.367736
0.150672 0.037480 0.058003 0.514448 0.239397
0.224148 0.042714 0.051021 0.264814 0.417303
0.164257 0.011440 0.061146 0.257716 0.505441
0.219761 0.078923 0.141538 0.357756 0.202022
0.062763 0.061707 0.105299 0.249396 0.520836
0.278221 0.301112 0.021976 0.213459 0.185233
0.092174 0.047597 0.207775 0.154747 0.497707
0.219991 0.201509 0.102777 0.150208 0.325514
0.067499 0.057815 0.084133 0.249009 0.541543
0.223885 0.058331 0.069238 0.177901 0.470645
0.074961 0.211946 0.188376 0.164703 0.360015
0.725963 0.037124 0.023632 0.041506 0.171775
0.234189 0.081205 0.146203 0.188273 0.350130
0.052266 0.213561 0.109829 0.400079 0.224265
0.126214 0.037434 0.209419 0.206323 0.420610
0.090469 0.095415 0.097058 0.177136 0.539921
0.091547 0.238345 0.101170 0.171350 0.397589
0.080563 0.054050 0.069565 0.223681 0.572141
